,Trial_num,image_path,ground_truth,image_name,demos.thisRepN,demos.thisTrialN,demos.thisN,demos.thisIndex,block_1.thisRepN,block_1.thisTrialN,block_1.thisN,block_1.thisIndex,block_2.thisRepN,block_2.thisTrialN,block_2.thisN,block_2.thisIndex,text_3.started,text_3.stopped,Task.started,Task.stopped,text_10.started,text_10.stopped,key_resp.keys,key_resp.rt,key_resp.started,key_resp.stopped,image_2.started,image_2.stopped,text_5.started,text_5.stopped,image_3.started,image_3.stopped,text_6.started,text_6.stopped,translucency.started,translucency.stopped,see_throughness.started,see_throughness.stopped,glow.started,glow.stopped,key_resp_10.keys,key_resp_10.rt,key_resp_10.started,key_resp_10.stopped,instruction.started,instruction.stopped,text_12.started,text_12.stopped,Trial_number.started,Trial_number.stopped,image.started,image.stopped,Instruction.started,Instruction.stopped,translucency_score.response,translucency_score.rt,translucency_score.started,translucency_score.stopped,Translucency.started,Translucency.stopped,seethroughness_score.response,seethroughness_score.rt,seethroughness_score.started,seethroughness_score.stopped,SeeThroughness.started,SeeThroughness.stopped,glow_score.response,glow_score.rt,glow_score.started,glow_score.stopped,Glow.started,Glow.stopped,to_next.keys,to_next.rt,to_next.started,to_next.stopped,grading_label_left.started,grading_label_left.stopped,grading_label_right.started,grading_label_right.stopped,instruct1.started,instruct1.stopped,instruct2.started,instruct2.stopped,text_4.started,text_4.stopped,text_2.started,text_2.stopped,session,date,expName,psychopyVersion,Unnamed: 94
0,,,,,,,,,,,,,,,,,15.725075270980597,None,31.50179336604197,None,46.32351950602606,None,space,13.541634789085949,51.29104499996174,None,,,,,,,,,,,,,,,,,,,,,,,,,,,,,,,,,,,,,,,,,,,,,,,,,,,,,,,,,,,,,,,1,2022_Mar_31_1055,SAR-soap,2021.1.2,
1,,,,,,,,,,,,,,,,,,,,,,,,,,,65.32896418101154,None,65.32896418101154,None,72.71586194797419,None,72.71586194797419,None,85.98512362397742,None,85.98512362397742,None,85.98512362397742,None,space,21.247543042059988,85.98512362397742,None,,,,,,,,,,,,,,,,,,,,,,,,,,,,,,,,,,,,,,,,,,,,,1,2022_Mar_31_1055,SAR-soap,2021.1.2,
2,Demo 1,demo/Demo_IMG_0974.jpg,demo,Demo_IMG_0974.jpg,0.0,0.0,0.0,0.0,,,,,,,,,,,,,,,,,,,,,,,,,,,,,,,,,,,,,85.98512362397742,None,107.25926617195364,None,110.52662448200864,None,110.52662448200864,None,110.52662448200864,None,5.0,114.5086293569766,110.52662448200864,None,110.52662448200864,None,2.0,129.4512058829423,224.56152037193533,None,110.52662448200864,None,4.0,135.92470801400486,239.5171222499339,None,110.52662448200864,None,space,-54.91944831504952,135.94919542316347,None,110.52662448200864,None,110.52662448200864,None,,,,,,,,,1,2022_Mar_31_1055,SAR-soap,2021.1.2,
3,Demo 2,demo/Demo_IMG_1024.jpg,demo,Demo_IMG_1024.jpg,0.0,1.0,1.0,1.0,,,,,,,,,,,,,,,,,,,,,,,,,,,,,,,,,,,,,,,,,246.535221950966,None,246.535221950966,None,246.535221950966,None,2.0,15.0165781310061,246.535221950966,None,246.535221950966,None,1.0,18.98967943899333,261.1065744840307,None,246.535221950966,None,2.0,22.896503377938643,265.09077517001424,None,246.535221950966,None,space,1.8817463469458744,22.92419176711701,None,246.535221950966,None,246.535221950966,None,,,,,,,,,1,2022_Mar_31_1055,SAR-soap,2021.1.2,
4,Demo 3,demo/Demo_seed_80003.png,demo,Demo_seed_80003.png,0.0,2.0,2.0,2.0,,,,,,,,,,,,,,,,,,,,,,,,,,,,,,,,,,,,,,,,,271.4264160350431,None,271.4264160350431,None,271.4264160350431,None,6.0,11.509335836046375,271.4264160350431,None,271.4264160350431,None,3.0,38.88859865791164,282.49697134504095,None,271.4264160350431,None,6.0,43.228198532015085,309.8884965160396,None,271.4264160350431,None,space,1.5392852979712188,43.2635050881654,None,271.4264160350431,None,271.4264160350431,None,,,,,,,,,1,2022_Mar_31_1055,SAR-soap,2021.1.2,
5,Trial # 1,Group1-stimuli/group1-block1/real-group1-b1/Group1_IMG_0022.jpg,1,Group1_IMG_0022.jpg,,,,,0.0,0.0,0.0,0.0,,,,,,,,,,,,,,,,,,,,,,,,,,,,,,,,,,,,,330.3613722129958,None,330.3613722129958,None,330.3613722129958,None,4.0,5.449735939968377,330.3613722129958,None,330.3613722129958,None,2.0,10.122849931940436,335.3628983659437,None,330.3613722129958,None,3.0,15.495833521010354,340.0470054419711,None,330.3613722129958,None,space,2.450789088034071,15.525786353857256,None,330.3613722129958,None,330.3613722129958,None,316.2562506359536,None,316.2562506359536,None,316.2562506359536,None,,,1,2022_Mar_31_1055,SAR-soap,2021.1.2,
6,Trial # 2,Group1-stimuli/group1-block1/fake-group2-b1/encoded_Group2_IMG_0386.jpg,0,encoded_Group2_IMG_0386.jpg,,,,,0.0,1.0,1.0,1.0,,,,,,,,,,,,,,,,,,,,,,,,,,,,,,,,,,,,,348.4174784240313,None,348.4174784240313,None,348.4174784240313,None,4.0,7.709533783956431,348.4174784240313,None,348.4174784240313,None,4.0,44.39367663604207,355.66873639903497,None,348.4174784240313,None,3.0,51.69982008694205,367.3225361070363,None,348.4174784240313,None,space,0.8401010390371084,51.72404825792182,None,348.4174784240313,None,348.4174784240313,None,,,,,,,,,1,2022_Mar_31_1055,SAR-soap,2021.1.2,
7,Trial # 3,Group1-stimuli/group1-block1/real-group1-b1/Group1_IMG_9704.jpg,1,Group1_IMG_9704.jpg,,,,,0.0,2.0,2.0,2.0,,,,,,,,,,,,,,,,,,,,,,,,,,,,,,,,,,,,,401.04925036698114,None,401.04925036698114,None,401.04925036698114,None,2.0,31.231066034990363,401.04925036698114,None,401.04925036698114,None,2.0,38.85518025106285,431.8264853860019,None,401.04925036698114,None,2.0,43.828903650981374,439.4617768470198,None,401.04925036698114,None,space,2.5082933860830963,43.84812471608166,None,401.04925036698114,None,401.04925036698114,None,,,,,,,,,1,2022_Mar_31_1055,SAR-soap,2021.1.2,
8,Trial # 4,Group1-stimuli/group1-block1/real-group1-b1/Group1_IMG_0406.jpg,1,Group1_IMG_0406.jpg,,,,,0.0,3.0,3.0,3.0,,,,,,,,,,,,,,,,,,,,,,,,,,,,,,,,,,,,,447.4810066729551,None,447.4810066729551,None,447.4810066729551,None,4.0,5.191079696989618,447.4810066729551,None,447.4810066729551,None,3.0,13.248758579022253,452.2169025669573,None,447.4810066729551,None,3.0,16.15589406096842,460.28500528796576,None,447.4810066729551,None,space,1.671746778069064,16.17848828516435,None,447.4810066729551,None,447.4810066729551,None,,,,,,,,,1,2022_Mar_31_1055,SAR-soap,2021.1.2,
9,Trial # 5,Group1-stimuli/group1-block1/fake-group2-b1/encoded_Group2_IMG_0364.jpg,0,encoded_Group2_IMG_0364.jpg,,,,,0.0,4.0,4.0,4.0,,,,,,,,,,,,,,,,,,,,,,,,,,,,,,,,,,,,,465.4022439030232,None,465.4022439030232,None,465.4022439030232,None,2.0,22.38804404390976,465.4022439030232,None,465.4022439030232,None,1.0,26.995069004013203,487.3434168359963,None,465.4022439030232,None,2.0,33.635658312938176,491.9610310950084,None,465.4022439030232,None,space,2.7723548921057954,33.663889309740625,None,465.4022439030232,None,465.4022439030232,None,,,,,,,,,1,2022_Mar_31_1055,SAR-soap,2021.1.2,
10,Trial # 6,Group1-stimuli/group1-block1/fake-group2-b1/encoded_Group2_IMG_0407.jpg,0,encoded_Group2_IMG_0407.jpg,,,,,0.0,5.0,5.0,5.0,,,,,,,,,,,,,,,,,,,,,,,,,,,,,,,,,,,,,501.8974882259499,None,501.8974882259499,None,501.8974882259499,None,3.0,5.169463089085184,501.8974882259499,None,501.8974882259499,None,4.0,7.359458894003183,506.6163698029704,None,501.8974882259499,None,4.0,20.367208709940314,508.81643133296166,None,501.8974882259499,None,space,2.890114309964701,19.50128340208903,None,501.8974882259499,None,501.8974882259499,None,,,,,,,,,1,2022_Mar_31_1055,SAR-soap,2021.1.2,
11,Trial # 7,Group1-stimuli/group1-block1/real-group1-b1/Group1_IMG_0428.jpg,1,Group1_IMG_0428.jpg,,,,,0.0,6.0,6.0,6.0,,,,,,,,,,,,,,,,,,,,,,,,,,,,,,,,,,,,,524.3540296240244,None,524.3540296240244,None,524.3540296240244,None,5.0,7.0112494090572,524.3540296240244,None,524.3540296240244,None,6.0,14.153746398049408,530.906336360029,None,524.3540296240244,None,4.0,13.391338214976711,534.123917461955,None,524.3540296240244,None,space,1.9891228380147368,13.415498988819309,None,524.3540296240244,None,524.3540296240244,None,,,,,,,,,1,2022_Mar_31_1055,SAR-soap,2021.1.2,
12,Trial # 8,Group1-stimuli/group1-block1/fake-group2-b1/encoded_Group2_IMG_0474.jpg,0,encoded_Group2_IMG_0474.jpg,,,,,0.0,7.0,7.0,7.0,,,,,,,,,,,,,,,,,,,,,,,,,,,,,,,,,,,,,539.7922252659919,None,539.7922252659919,None,539.7922252659919,None,2.0,3.6583906890591606,539.7922252659919,None,539.7922252659919,None,1.0,16.53451973304618,542.9949259080458,None,539.7922252659919,None,2.0,19.440947848022915,555.8811819599941,None,539.7922252659919,None,space,0.8364382770378143,19.4636662733974,None,539.7922252659919,None,539.7922252659919,None,,,,,,,,,1,2022_Mar_31_1055,SAR-soap,2021.1.2,
13,Trial # 9,Group1-stimuli/group1-block1/fake-group2-b1/encoded_Group2_IMG_1506.jpg,0,encoded_Group2_IMG_1506.jpg,,,,,0.0,8.0,8.0,8.0,,,,,,,,,,,,,,,,,,,,,,,,,,,,,,,,,,,,,560.1486942979973,None,560.1486942979973,None,560.1486942979973,None,6.0,8.102012309012935,560.1486942979973,None,560.1486942979973,None,6.0,11.974026179988869,567.8016774359858,None,560.1486942979973,None,2.0,14.746497345971877,571.6859979559667,None,560.1486942979973,None,space,1.1488125359173864,14.776907571125776,None,560.1486942979973,None,560.1486942979973,None,,,,,,,,,1,2022_Mar_31_1055,SAR-soap,2021.1.2,
14,Trial # 10,Group1-stimuli/group1-block1/real-group1-b1/Group1_IMG_9789.jpg,1,Group1_IMG_9789.jpg,,,,,0.0,9.0,9.0,9.0,,,,,,,,,,,,,,,,,,,,,,,,,,,,,,,,,,,,,576.1195839559659,None,576.1195839559659,None,576.1195839559659,None,1.0,4.677598961046897,576.1195839559659,None,576.1195839559659,None,1.0,20.187444160925224,580.3383244200377,None,576.1195839559659,None,1.0,27.362636842997745,595.8598438829649,None,576.1195839559659,None,space,12.684086863999257,27.385979787330143,None,576.1195839559659,None,576.1195839559659,None,,,,,,,,,1,2022_Mar_31_1055,SAR-soap,2021.1.2,
15,Trial # 11,Group1-stimuli/group1-block1/real-group1-b1/Group1_IMG_9778.jpg,1,Group1_IMG_9778.jpg,,,,,0.0,10.0,10.0,10.0,,,,,,,,,,,,,,,,,,,,,,,,,,,,,,,,,,,,,616.2328016109532,None,616.2328016109532,None,616.2328016109532,None,5.0,11.28933681594208,616.2328016109532,None,616.2328016109532,None,6.0,17.39635853690561,627.0709385840455,None,616.2328016109532,None,3.0,22.63619347801432,633.1891039409675,None,616.2328016109532,None,space,1.3538557579740882,22.669343323097564,None,616.2328016109532,None,616.2328016109532,None,,,,,,,,,1,2022_Mar_31_1055,SAR-soap,2021.1.2,
16,Trial # 12,Group1-stimuli/group1-block1/real-group1-b1/Group1_IMG_9813.jpg,1,Group1_IMG_9813.jpg,,,,,0.0,11.0,11.0,11.0,,,,,,,,,,,,,,,,,,,,,,,,,,,,,,,,,,,,,640.3233298580162,None,640.3233298580162,None,640.3233298580162,None,1.0,8.196364004979841,640.3233298580162,None,640.3233298580162,None,1.0,14.903786427923478,648.0609474219382,None,640.3233298580162,None,1.0,17.877646664972417,654.7777628549375,None,640.3233298580162,None,space,0.495261842967011,17.902800367912278,None,640.3233298580162,None,640.3233298580162,None,,,,,,,,,1,2022_Mar_31_1055,SAR-soap,2021.1.2,
17,Trial # 13,Group1-stimuli/group1-block1/real-group1-b1/Group1_IMG_0516.jpg,1,Group1_IMG_0516.jpg,,,,,0.0,12.0,12.0,12.0,,,,,,,,,,,,,,,,,,,,,,,,,,,,,,,,,,,,,658.7455464319792,None,658.7455464319792,None,658.7455464319792,None,5.0,35.045549163012765,658.7455464319792,None,658.7455464319792,None,7.0,37.450006300001405,692.5234767779475,None,658.7455464319792,None,3.0,46.19192785397172,695.7570325649576,None,658.7455464319792,None,space,1.482282486045733,45.689233521115966,None,658.7455464319792,None,658.7455464319792,None,,,,,,,,,1,2022_Mar_31_1055,SAR-soap,2021.1.2,
18,Trial # 14,Group1-stimuli/group1-block1/fake-group2-b1/encoded_Group2_IMG_0038.jpg,0,encoded_Group2_IMG_0038.jpg,,,,,0.0,13.0,13.0,13.0,,,,,,,,,,,,,,,,,,,,,,,,,,,,,,,,,,,,,705.9941994709661,None,705.9941994709661,None,705.9941994709661,None,3.0,5.5777699700556695,705.9941994709661,None,705.9941994709661,None,5.0,13.253034653957002,711.1126637340058,None,705.9941994709661,None,4.0,14.924563357024454,718.7976325179916,None,705.9941994709661,None,space,0.8970970679074526,14.949746549827978,None,705.9941994709661,None,705.9941994709661,None,,,,,,,,,1,2022_Mar_31_1055,SAR-soap,2021.1.2,
19,Trial # 15,Group1-stimuli/group1-block1/real-group1-b1/Group1_IMG_5984.jpg,1,Group1_IMG_5984.jpg,,,,,0.0,14.0,14.0,14.0,,,,,,,,,,,,,,,,,,,,,,,,,,,,,,,,,,,,,721.881070725969,None,721.881070725969,None,721.881070725969,None,2.0,9.36369106103666,721.881070725969,None,721.881070725969,None,1.0,11.05333199200686,730.7849691419397,None,721.881070725969,None,1.0,14.0589420030592,732.4860329079675,None,721.881070725969,None,space,1.9233791281003505,14.083468051161615,None,721.881070725969,None,721.881070725969,None,,,,,,,,,1,2022_Mar_31_1055,SAR-soap,2021.1.2,
20,Trial # 16,Group1-stimuli/group1-block1/real-group1-b1/Group1_IMG_0383.jpg,1,Group1_IMG_0383.jpg,,,,,0.0,15.0,15.0,15.0,,,,,,,,,,,,,,,,,,,,,,,,,,,,,,,,,,,,,737.9374322890071,None,737.9374322890071,None,737.9374322890071,None,5.0,9.13870411098469,737.9374322890071,None,737.9374322890071,None,5.0,12.72916328406427,746.6225761779351,None,737.9374322890071,None,5.0,17.70235029491596,750.224609739962,None,737.9374322890071,None,space,0.2017348710214719,17.721605428145267,None,737.9374322890071,None,737.9374322890071,None,,,,,,,,,1,2022_Mar_31_1055,SAR-soap,2021.1.2,
21,Trial # 17,Group1-stimuli/group1-block1/fake-group2-b1/encoded_Group2_IMG_0456.jpg,0,encoded_Group2_IMG_0456.jpg,,,,,0.0,16.0,16.0,16.0,,,,,,,,,,,,,,,,,,,,,,,,,,,,,,,,,,,,,755.9592710710131,None,755.9592710710131,None,755.9592710710131,None,4.0,18.18248365295585,755.9592710710131,None,755.9592710710131,None,5.0,17.4871490750229,768.4978956800187,None,755.9592710710131,None,3.0,21.66138504899573,772.9989937150385,None,755.9592710710131,None,space,0.2270244419341907,21.68644704692997,None,755.9592710710131,None,755.9592710710131,None,,,,,,,,,1,2022_Mar_31_1055,SAR-soap,2021.1.2,
22,Trial # 18,Group1-stimuli/group1-block1/fake-group2-b1/encoded_Group2_IMG_8390.jpg,0,encoded_Group2_IMG_8390.jpg,,,,,0.0,17.0,17.0,17.0,,,,,,,,,,,,,,,,,,,,,,,,,,,,,,,,,,,,,777.8990861999337,None,777.8990861999337,None,777.8990861999337,None,4.0,12.43934677389916,777.8990861999337,None,777.8990861999337,None,7.0,21.1977713520173,789.8865748739336,None,777.8990861999337,None,7.0,29.53867274802178,798.655989381019,None,777.8990861999337,None,space,1.329081226955168,29.57405732513871,None,777.8990861999337,None,777.8990861999337,None,,,,,,,,,1,2022_Mar_31_1055,SAR-soap,2021.1.2,
23,Trial # 19,Group1-stimuli/group1-block1/real-group1-b1/Group1_IMG_0011.jpg,1,Group1_IMG_0011.jpg,,,,,0.0,18.0,18.0,18.0,,,,,,,,,,,,,,,,,,,,,,,,,,,,,,,,,,,,,808.8262654229766,None,808.8262654229766,None,808.8262654229766,None,5.0,10.303872843040152,808.8262654229766,None,808.8262654229766,None,7.0,13.759526734007522,818.6794615689432,None,808.8262654229766,None,3.0,15.666802949039266,820.6123814790044,None,808.8262654229766,None,space,0.1952905969228595,15.698595013120212,None,808.8262654229766,None,808.8262654229766,None,,,,,,,,,1,2022_Mar_31_1055,SAR-soap,2021.1.2,
24,Trial # 20,Group1-stimuli/group1-block1/fake-group2-b1/encoded_Group2_IMG_0328.jpg,0,encoded_Group2_IMG_0328.jpg,,,,,0.0,19.0,19.0,19.0,,,,,,,,,,,,,,,,,,,,,,,,,,,,,,,,,,,,,824.8301690829685,None,824.8301690829685,None,824.8301690829685,None,2.0,2.5353651200421154,824.8301690829685,None,824.8301690829685,None,1.0,34.699980110977776,826.9149548029527,None,824.8301690829685,None,3.0,29.87025386793539,845.7203627539566,None,824.8301690829685,None,space,8.48186416097451,29.902571716462266,None,824.8301690829685,None,824.8301690829685,None,,,,,,,,,1,2022_Mar_31_1055,SAR-soap,2021.1.2,
25,Trial # 21,Group1-stimuli/group1-block1/fake-group2-b1/encoded_Group2_IMG_0163.jpg,0,encoded_Group2_IMG_0163.jpg,,,,,0.0,20.0,20.0,20.0,,,,,,,,,,,,,,,,,,,,,,,,,,,,,,,,,,,,,863.2423436490353,None,863.2423436490353,None,863.2423436490353,None,6.0,5.314694941043854,863.2423436490353,None,863.2423436490353,None,5.0,10.371973814908417,867.6280570289819,None,863.2423436490353,None,5.0,13.610879285959529,873.1794318929315,None,863.2423436490353,None,space,0.4529563799733296,13.639565505436622,None,863.2423436490353,None,863.2423436490353,None,,,,,,,,,1,2022_Mar_31_1055,SAR-soap,2021.1.2,
26,Trial # 22,Group1-stimuli/group1-block1/real-group1-b1/Group1_IMG_9862.jpg,1,Group1_IMG_9862.jpg,,,,,0.0,21.0,21.0,21.0,,,,,,,,,,,,,,,,,,,,,,,,,,,,,,,,,,,,,877.3971344029997,None,877.3971344029997,None,877.3971344029997,None,2.0,39.62383914692328,877.3971344029997,None,877.3971344029997,None,3.0,44.61549997795373,916.5589216980152,None,877.3971344029997,None,1.0,48.586602464085445,921.5602150330088,None,877.3971344029997,None,space,0.8417739160358906,48.6134047472151,None,877.3971344029997,None,877.3971344029997,None,,,,,,,,,1,2022_Mar_31_1055,SAR-soap,2021.1.2,
27,Trial # 23,Group1-stimuli/group1-block1/fake-group2-b1/encoded_Group2_IMG_0296.jpg,0,encoded_Group2_IMG_0296.jpg,,,,,0.0,22.0,22.0,22.0,,,,,,,,,,,,,,,,,,,,,,,,,,,,,,,,,,,,,926.8786534440004,None,926.8786534440004,None,926.8786534440004,None,6.0,5.529902603011578,926.8786534440004,None,926.8786534440004,None,7.0,7.42055475898087,931.9635196429444,None,926.8786534440004,None,4.0,12.69382378004957,933.8644293629332,None,926.8786534440004,None,space,0.5330577050335705,12.721689757541752,None,926.8786534440004,None,926.8786534440004,None,,,,,,,,,1,2022_Mar_31_1055,SAR-soap,2021.1.2,
28,Trial # 24,Group1-stimuli/group1-block1/fake-group2-b1/encoded_Group2_IMG_0503.jpg,0,encoded_Group2_IMG_0503.jpg,,,,,0.0,23.0,23.0,23.0,,,,,,,,,,,,,,,,,,,,,,,,,,,,,,,,,,,,,940.2159824799746,None,940.2159824799746,None,940.2159824799746,None,5.0,16.623665556078777,940.2159824799746,None,940.2159824799746,None,7.0,59.47470745292958,950.2358917100356,None,940.2159824799746,None,6.0,61.38115644000936,999.2506953480188,None,940.2159824799746,None,space,0.345779743976891,61.41508427890949,None,940.2159824799746,None,940.2159824799746,None,,,,,,,,,1,2022_Mar_31_1055,SAR-soap,2021.1.2,
29,Trial # 25,Group1-stimuli/group1-block1/fake-group2-b1/encoded_Group2_IMG_9804.jpg,0,encoded_Group2_IMG_9804.jpg,,,,,0.0,24.0,24.0,24.0,,,,,,,,,,,,,,,,,,,,,,,,,,,,,,,,,,,,,1002.0189087230248,None,1002.0189087230248,None,1002.0189087230248,None,1.0,6.015395325026475,1002.0189087230248,None,1002.0189087230248,None,1.0,13.439149731071666,1007.104983141995,None,1002.0189087230248,None,2.0,14.677718725055456,1015.022352615022,None,1002.0189087230248,None,space,0.2179183469852432,14.70576933515258,None,1002.0189087230248,None,1002.0189087230248,None,,,,,,,,,1,2022_Mar_31_1055,SAR-soap,2021.1.2,
30,Trial # 26,Group1-stimuli/group1-block1/real-group1-b1/Group1_IMG_0391.jpg,1,Group1_IMG_0391.jpg,,,,,0.0,25.0,25.0,25.0,,,,,,,,,,,,,,,,,,,,,,,,,,,,,,,,,,,,,1016.9900258360432,None,1016.9900258360432,None,1016.9900258360432,None,5.0,6.766084620030597,1016.9900258360432,None,1016.9900258360432,None,4.0,7.804256170988083,1020.4409071400296,None,1016.9900258360432,None,3.0,11.678600847022608,1024.3585068649843,None,1016.9900258360432,None,space,0.3262180789606645,11.70778705610428,None,1016.9900258360432,None,1016.9900258360432,None,,,,,,,,,1,2022_Mar_31_1055,SAR-soap,2021.1.2,
31,Trial # 27,Group1-stimuli/group1-block1/fake-group2-b1/encoded_Group2_IMG_3584.jpg,0,encoded_Group2_IMG_3584.jpg,,,,,0.0,26.0,26.0,26.0,,,,,,,,,,,,,,,,,,,,,,,,,,,,,,,,,,,,,1029.0767195690423,None,1029.0767195690423,None,1029.0767195690423,None,5.0,79.33664220105857,1029.0767195690423,None,1029.0767195690423,None,6.0,86.04416747600771,1107.9691365050385,None,1029.0767195690423,None,4.0,89.11740164493676,1114.6865870789625,None,1029.0767195690423,None,space,0.4632980469614267,89.14455316984095,None,1029.0767195690423,None,1029.0767195690423,None,,,,,,,,,1,2022_Mar_31_1055,SAR-soap,2021.1.2,
32,Trial # 28,Group1-stimuli/group1-block1/fake-group2-b1/encoded_Group2_IMG_0434.jpg,0,encoded_Group2_IMG_0434.jpg,,,,,0.0,27.0,27.0,27.0,,,,,,,,,,,,,,,,,,,,,,,,,,,,,,,,,,,,,1118.722085127025,None,1118.722085127025,None,1118.722085127025,None,7.0,5.081284907995723,1118.722085127025,None,1118.722085127025,None,6.0,10.237881480949,1123.3570852919947,None,1118.722085127025,None,7.0,8.675244853948243,1125.9900977099314,None,1118.722085127025,None,space,1.91673347807955,8.703921562060714,None,1118.722085127025,None,1118.722085127025,None,,,,,,,,,1,2022_Mar_31_1055,SAR-soap,2021.1.2,
33,Trial # 29,Group1-stimuli/group1-block1/fake-group2-b1/encoded_Group2_IMG_9575.jpg,0,encoded_Group2_IMG_9575.jpg,,,,,0.0,28.0,28.0,28.0,,,,,,,,,,,,,,,,,,,,,,,,,,,,,,,,,,,,,1129.4077097530244,None,1129.4077097530244,None,1129.4077097530244,None,2.0,5.462298847036436,1129.4077097530244,None,1129.4077097530244,None,2.0,15.537400242988952,1133.2601632250007,None,1129.4077097530244,None,4.0,18.61023758992087,1142.5297013770323,None,1129.4077097530244,None,space,0.3493291940540075,18.63730049610604,None,1129.4077097530244,None,1129.4077097530244,None,,,,,,,,,1,2022_Mar_31_1055,SAR-soap,2021.1.2,
34,Trial # 30,Group1-stimuli/group1-block1/fake-group2-b1/encoded_Group2_IMG_1025.jpg,0,encoded_Group2_IMG_1025.jpg,,,,,0.0,29.0,29.0,29.0,,,,,,,,,,,,,,,,,,,,,,,,,,,,,,,,,,,,,1148.4314742899733,None,1148.4314742899733,None,1148.4314742899733,None,1.0,2.8463324500480667,1148.4314742899733,None,1148.4314742899733,None,1.0,4.486803623964079,1150.8309595379978,None,1148.4314742899733,None,1.0,5.591652809991501,1152.482849130989,None,1148.4314742899733,None,space,0.2350952579872682,5.620729391113855,None,1148.4314742899733,None,1148.4314742899733,None,,,,,,,,,1,2022_Mar_31_1055,SAR-soap,2021.1.2,
35,Trial # 31,Group1-stimuli/group1-block1/real-group1-b1/Group1_IMG_0502.jpg,1,Group1_IMG_0502.jpg,,,,,0.0,30.0,30.0,30.0,,,,,,,,,,,,,,,,,,,,,,,,,,,,,,,,,,,,,1154.3487481200136,None,1154.3487481200136,None,1154.3487481200136,None,6.0,5.131671627983451,1154.3487481200136,None,1154.3487481200136,None,5.0,7.371026151929982,1159.0347782770405,None,1154.3487481200136,None,7.0,9.310574475093745,1161.2849254149478,None,1154.3487481200136,None,space,0.2873350880108773,9.33938991627656,None,1154.3487481200136,None,1154.3487481200136,None,,,,,,,,,1,2022_Mar_31_1055,SAR-soap,2021.1.2,
36,Trial # 32,Group1-stimuli/group1-block1/real-group1-b1/Group1_IMG_0182.jpg,1,Group1_IMG_0182.jpg,,,,,0.0,31.0,31.0,31.0,,,,,,,,,,,,,,,,,,,,,,,,,,,,,,,,,,,,,1164.0191737769635,None,1164.0191737769635,None,1164.0191737769635,None,7.0,10.636844313936308,1164.0191737769635,None,1164.0191737769635,None,6.0,14.844085776014252,1174.1902493110392,None,1164.0191737769635,None,6.0,16.415372253977694,1178.424044165993,None,1164.0191737769635,None,space,0.1878561640623957,16.4491266902769,None,1164.0191737769635,None,1164.0191737769635,None,,,,,,,,,1,2022_Mar_31_1055,SAR-soap,2021.1.2,
37,Trial # 33,Group1-stimuli/group1-block1/fake-group2-b1/encoded_Group2_IMG_2728.jpg,0,encoded_Group2_IMG_2728.jpg,,,,,0.0,32.0,32.0,32.0,,,,,,,,,,,,,,,,,,,,,,,,,,,,,,,,,,,,,1180.6738109389553,None,1180.6738109389553,None,1180.6738109389553,None,2.0,2.2639730339869857,1180.6738109389553,None,1180.6738109389553,None,1.0,23.224759874981828,1182.4914018249838,None,1180.6738109389553,None,3.0,28.165598322986625,1203.465097081964,None,1180.6738109389553,None,space,0.586701498948969,28.1928787464276,None,1180.6738109389553,None,1180.6738109389553,None,,,,,,,,,1,2022_Mar_31_1055,SAR-soap,2021.1.2,
38,Trial # 34,Group1-stimuli/group1-block1/fake-group2-b1/encoded_Group2_IMG_4867.jpg,0,encoded_Group2_IMG_4867.jpg,,,,,0.0,33.0,33.0,33.0,,,,,,,,,,,,,,,,,,,,,,,,,,,,,,,,,,,,,1209.5161348009717,None,1209.5161348009717,None,1209.5161348009717,None,6.0,3.362383957952261,1209.5161348009717,None,1209.5161348009717,None,7.0,5.951740085030906,1212.4183034870075,None,1209.5161348009717,None,7.0,8.190996050951071,1215.0172301019777,None,1209.5161348009717,None,space,0.2541479530045762,8.216282284003682,None,1209.5161348009717,None,1209.5161348009717,None,,,,,,,,,1,2022_Mar_31_1055,SAR-soap,2021.1.2,
39,Trial # 35,Group1-stimuli/group1-block1/real-group1-b1/Group1_IMG_9894.jpg,1,Group1_IMG_9894.jpg,,,,,0.0,34.0,34.0,34.0,,,,,,,,,,,,,,,,,,,,,,,,,,,,,,,,,,,,,1218.035417182953,None,1218.035417182953,None,1218.035417182953,None,1.0,2.5545552069088444,1218.035417182953,None,1218.035417182953,None,1.0,3.6593549040844655,1220.135789567954,None,1218.035417182953,None,1.0,4.231992610031739,1221.2526908889413,None,1218.035417182953,None,space,0.3266306109726429,4.25147897109855,None,1218.035417182953,None,1218.035417182953,None,,,,,,,,,1,2022_Mar_31_1055,SAR-soap,2021.1.2,
40,Trial # 36,Group1-stimuli/group1-block1/fake-group2-b1/encoded_Group2_IMG_0444.jpg,0,encoded_Group2_IMG_0444.jpg,,,,,0.0,35.0,35.0,35.0,,,,,,,,,,,,,,,,,,,,,,,,,,,,,,,,,,,,,1222.636588615016,None,1222.636588615016,None,1222.636588615016,None,4.0,2.5954427149845287,1222.636588615016,None,1222.636588615016,None,3.0,5.152291105012409,1224.787569105043,None,1222.636588615016,None,3.0,6.525394277996384,1227.3556223519845,None,1222.636588615016,None,space,0.1833456220338121,6.552912829443812,None,1222.636588615016,None,1222.636588615016,None,,,,,,,,,1,2022_Mar_31_1055,SAR-soap,2021.1.2,
41,Trial # 37,Group1-stimuli/group1-block1/real-group1-b1/Group1_IMG_2656.jpg,1,Group1_IMG_2656.jpg,,,,,0.0,36.0,36.0,36.0,,,,,,,,,,,,,,,,,,,,,,,,,,,,,,,,,,,,,1229.421816201997,None,1229.421816201997,None,1229.421816201997,None,2.0,2.826295698061585,1229.421816201997,None,1229.421816201997,None,2.0,5.9164182879030704,1231.7893537799828,None,1229.421816201997,None,1.0,9.89063861395698,1234.890242664027,None,1229.421816201997,None,space,0.1678404579870402,9.913457586430011,None,1229.421816201997,None,1229.421816201997,None,,,,,,,,,1,2022_Mar_31_1055,SAR-soap,2021.1.2,
42,Trial # 38,Group1-stimuli/group1-block1/real-group1-b1/Group1_IMG_0207.jpg,1,Group1_IMG_0207.jpg,,,,,0.0,37.0,37.0,37.0,,,,,,,,,,,,,,,,,,,,,,,,,,,,,,,,,,,,,1239.5583668659674,None,1239.5583668659674,None,1239.5583668659674,None,2.0,2.256045206915587,1239.5583668659674,None,1239.5583668659674,None,1.0,4.879118680022657,1241.3588961199855,None,1239.5583668659674,None,1.0,7.917405184009112,1243.992985627032,None,1239.5583668659674,None,space,0.3911718990420922,7.939200577442534,None,1239.5583668659674,None,1239.5583668659674,None,,,,,,,,,1,2022_Mar_31_1055,SAR-soap,2021.1.2,
43,Trial # 39,Group1-stimuli/group1-block1/real-group1-b1/Group1_IMG_9638.jpg,1,Group1_IMG_9638.jpg,,,,,0.0,38.0,38.0,38.0,,,,,,,,,,,,,,,,,,,,,,,,,,,,,,,,,,,,,1247.9284246929456,None,1247.9284246929456,None,1247.9284246929456,None,5.0,2.601087552960962,1247.9284246929456,None,1247.9284246929456,None,7.0,7.225354433991015,1250.0785838100128,None,1247.9284246929456,None,7.0,8.463079322944395,1254.714111356996,None,1247.9284246929456,None,space,2.318442694027908,8.495901949121617,None,1247.9284246929456,None,1247.9284246929456,None,,,,,,,,,1,2022_Mar_31_1055,SAR-soap,2021.1.2,
44,Trial # 40,Group1-stimuli/group1-block1/real-group1-b1/Group1_IMG_0148.jpg,1,Group1_IMG_0148.jpg,,,,,0.0,39.0,39.0,39.0,,,,,,,,,,,,,,,,,,,,,,,,,,,,,,,,,,,,,1258.7819958520122,None,1258.7819958520122,None,1258.7819958520122,None,7.0,9.132743561989628,1258.7819958520122,None,1258.7819958520122,None,7.0,10.154700340004638,1267.4681230329445,None,1258.7819958520122,None,6.0,11.66117952996865,1268.5019879719475,None,1258.7819958520122,None,space,2.7683679789770395,11.689601502148436,None,1258.7819958520122,None,1258.7819958520122,None,,,,,,,,,1,2022_Mar_31_1055,SAR-soap,2021.1.2,
45,Trial # 41,Group1-stimuli/group1-block1/real-group1-b1/Group1_IMG_2891.jpg,1,Group1_IMG_2891.jpg,,,,,0.0,40.0,40.0,40.0,,,,,,,,,,,,,,,,,,,,,,,,,,,,,,,,,,,,,1273.3360800939845,None,1273.3360800939845,None,1273.3360800939845,None,2.0,19.95645247399807,1273.3360800939845,None,1273.3360800939845,None,2.0,22.99468144995626,1291.0577376619913,None,1273.3360800939845,None,1.0,26.466726631042548,1295.8923127499877,None,1273.3360800939845,None,space,0.617711245897226,26.4985315867234,None,1273.3360800939845,None,1273.3360800939845,None,,,,,,,,,1,2022_Mar_31_1055,SAR-soap,2021.1.2,
46,Trial # 42,Group1-stimuli/group1-block1/real-group1-b1/Group1_IMG_0157.jpg,1,Group1_IMG_0157.jpg,,,,,0.0,41.0,41.0,41.0,,,,,,,,,,,,,,,,,,,,,,,,,,,,,,,,,,,,,1300.5099385619396,None,1300.5099385619396,None,1300.5099385619396,None,5.0,2.981623213039711,1300.5099385619396,None,1300.5099385619396,None,5.0,4.83832662506029,1303.046187903965,None,1300.5099385619396,None,5.0,8.378324178047478,1304.9118986859685,None,1300.5099385619396,None,space,1.28423861193005,7.574255443760194,None,1300.5099385619396,None,1300.5099385619396,None,,,,,,,,,1,2022_Mar_31_1055,SAR-soap,2021.1.2,
47,Trial # 43,Group1-stimuli/group1-block1/real-group1-b1/Group1_IMG_9833.jpg,1,Group1_IMG_9833.jpg,,,,,0.0,42.0,42.0,42.0,,,,,,,,,,,,,,,,,,,,,,,,,,,,,,,,,,,,,1309.4134399530012,None,1309.4134399530012,None,1309.4134399530012,None,2.0,2.162384558003396,1309.4134399530012,None,1309.4134399530012,None,1.0,4.619509845972061,1311.1303687549662,None,1309.4134399530012,None,2.0,5.491132445051335,1313.5991850169376,None,1309.4134399530012,None,space,0.3370636940235272,5.518069128971547,None,1309.4134399530012,None,1309.4134399530012,None,,,,,,,,,1,2022_Mar_31_1055,SAR-soap,2021.1.2,
48,Trial # 44,Group1-stimuli/group1-block1/fake-group2-b1/encoded_Group2_IMG_2230.jpg,0,encoded_Group2_IMG_2230.jpg,,,,,0.0,43.0,43.0,43.0,,,,,,,,,,,,,,,,,,,,,,,,,,,,,,,,,,,,,1315.331412510015,None,1315.331412510015,None,1315.331412510015,None,4.0,3.4769656989956275,1315.331412510015,None,1315.331412510015,None,4.0,6.332838742993772,1318.3511261730457,None,1315.331412510015,None,6.0,8.706532887066714,1321.217607334955,None,1315.331412510015,None,space,0.1766096929786726,8.730481343343854,None,1315.331412510015,None,1315.331412510015,None,,,,,,,,,1,2022_Mar_31_1055,SAR-soap,2021.1.2,
49,Trial # 45,Group1-stimuli/group1-block1/real-group1-b1/Group1_IMG_9966.jpg,1,Group1_IMG_9966.jpg,,,,,0.0,44.0,44.0,44.0,,,,,,,,,,,,,,,,,,,,,,,,,,,,,,,,,,,,,1324.3009814380202,None,1324.3009814380202,None,1324.3009814380202,None,5.0,5.995859967079014,1324.3009814380202,None,1324.3009814380202,None,3.0,12.969191628973933,1329.8363256859593,None,1324.3009814380202,None,7.0,13.77518904604949,1336.8214442080352,None,1324.3009814380202,None,space,0.5475675460183993,13.800921353162266,None,1324.3009814380202,None,1324.3009814380202,None,,,,,,,,,1,2022_Mar_31_1055,SAR-soap,2021.1.2,
50,Trial # 46,Group1-stimuli/group1-block1/real-group1-b1/Group1_IMG_0239.jpg,1,Group1_IMG_0239.jpg,,,,,0.0,45.0,45.0,45.0,,,,,,,,,,,,,,,,,,,,,,,,,,,,,,,,,,,,,1338.7234022279736,None,1338.7234022279736,None,1338.7234022279736,None,2.0,3.22614126408007,1338.7234022279736,None,1338.7234022279736,None,1.0,4.149910849984735,1341.4898153940449,None,1338.7234022279736,None,2.0,5.021476988913491,1342.4237280249365,None,1338.7234022279736,None,space,0.1983562640380114,5.046515319729224,None,1338.7234022279736,None,1338.7234022279736,None,,,,,,,,,1,2022_Mar_31_1055,SAR-soap,2021.1.2,
51,Trial # 47,Group1-stimuli/group1-block1/fake-group2-b1/encoded_Group2_IMG_0536.jpg,0,encoded_Group2_IMG_0536.jpg,,,,,0.0,46.0,46.0,46.0,,,,,,,,,,,,,,,,,,,,,,,,,,,,,,,,,,,,,1343.9742187149825,None,1343.9742187149825,None,1343.9742187149825,None,1.0,3.663538594963029,1343.9742187149825,None,1343.9742187149825,None,1.0,4.352777131018229,1347.1930153409485,None,1343.9742187149825,None,1.0,5.325727322022431,1347.8928089379333,None,1343.9742187149825,None,space,0.2225080380449071,5.351586073520593,None,1343.9742187149825,None,1343.9742187149825,None,,,,,,,,,1,2022_Mar_31_1055,SAR-soap,2021.1.2,
52,Trial # 48,Group1-stimuli/group1-block1/fake-group2-b1/encoded_Group2_IMG_0521.jpg,0,encoded_Group2_IMG_0521.jpg,,,,,0.0,47.0,47.0,47.0,,,,,,,,,,,,,,,,,,,,,,,,,,,,,,,,,,,,,1349.5758134189527,None,1349.5758134189527,None,1349.5758134189527,None,4.0,1.928732295986265,1349.5758134189527,None,1349.5758134189527,None,6.0,5.036471317056567,1351.0597154670395,None,1349.5758134189527,None,3.0,6.873518947977573,1354.1768174329773,None,1349.5758134189527,None,space,0.1506297310115769,6.9019938674755394,None,1349.5758134189527,None,1349.5758134189527,None,,,,,,,,,1,2022_Mar_31_1055,SAR-soap,2021.1.2,
53,Trial # 49,Group1-stimuli/group1-block1/fake-group2-b1/encoded_Group2_IMG_9924.jpg,0,encoded_Group2_IMG_9924.jpg,,,,,0.0,48.0,48.0,48.0,,,,,,,,,,,,,,,,,,,,,,,,,,,,,,,,,,,,,1356.6776974779789,None,1356.6776974779789,None,1356.6776974779789,None,2.0,7.2668739220825955,1356.6776974779789,None,1356.6776974779789,None,1.0,8.806473592994735,1363.4978144479685,None,1356.6776974779789,None,1.0,10.045019045006484,1365.0468851949554,None,1356.6776974779789,None,space,0.4243543799966573,10.076243681134656,None,1356.6776974779789,None,1356.6776974779789,None,,,,,,,,,1,2022_Mar_31_1055,SAR-soap,2021.1.2,
54,Trial # 50,Group1-stimuli/group1-block1/real-group1-b1/Group1_IMG_9730.jpg,1,Group1_IMG_9730.jpg,,,,,0.0,49.0,49.0,49.0,,,,,,,,,,,,,,,,,,,,,,,,,,,,,,,,,,,,,1367.2312285560183,None,1367.2312285560183,None,1367.2312285560183,None,7.0,3.092869882006198,1367.2312285560183,None,1367.2312285560183,None,7.0,5.198735829908401,1369.8660143610325,None,1367.2312285560183,None,4.0,6.805701080011204,1371.9823038129834,None,1367.2312285560183,None,space,0.3062813299475238,6.828444701153785,None,1367.2312285560183,None,1367.2312285560183,None,,,,,,,,,1,2022_Mar_31_1055,SAR-soap,2021.1.2,
55,Trial # 51,Group1-stimuli/group1-block1/real-group1-b1/Group1_IMG_0053.jpg,1,Group1_IMG_0053.jpg,,,,,0.0,50.0,50.0,50.0,,,,,,,,,,,,,,,,,,,,,,,,,,,,,,,,,,,,,1374.4172010680195,None,1374.4172010680195,None,1374.4172010680195,None,2.0,4.418069937964901,1374.4172010680195,None,1374.4172010680195,None,1.0,5.172253696015105,1378.3859591319924,None,1374.4172010680195,None,1.0,17.68078534200322,1379.152497151983,None,1374.4172010680195,None,space,0.3619150720769539,17.713123505120166,None,1374.4172010680195,None,1374.4172010680195,None,,,,,,,,,1,2022_Mar_31_1055,SAR-soap,2021.1.2,
56,Trial # 52,Group1-stimuli/group1-block1/real-group1-b1/Group1_IMG_9698.jpg,1,Group1_IMG_9698.jpg,,,,,0.0,51.0,51.0,51.0,,,,,,,,,,,,,,,,,,,,,,,,,,,,,,,,,,,,,1392.5391075919615,None,1392.5391075919615,None,1392.5391075919615,None,1.0,7.119427356985398,1392.5391075919615,None,1392.5391075919615,None,1.0,8.64039598905947,1399.2093290860066,None,1392.5391075919615,None,1.0,9.212028632988222,1400.7412350929808,None,1392.5391075919615,None,space,0.2216859309701249,9.243755612988023,None,1392.5391075919615,None,1392.5391075919615,None,,,,,,,,,1,2022_Mar_31_1055,SAR-soap,2021.1.2,
57,Trial # 53,Group1-stimuli/group1-block1/fake-group2-b1/encoded_Group2_IMG_0553.jpg,0,encoded_Group2_IMG_0553.jpg,,,,,0.0,52.0,52.0,52.0,,,,,,,,,,,,,,,,,,,,,,,,,,,,,,,,,,,,,1402.0415612589568,None,1402.0415612589568,None,1402.0415612589568,None,1.0,2.690564144984819,1402.0415612589568,None,1402.0415612589568,None,1.0,5.0956982399802655,1404.2611737470145,None,1402.0415612589568,None,1.0,5.968687414075248,1406.6932718650205,None,1402.0415612589568,None,space,0.993501960998401,5.989464656449854,None,1402.0415612589568,None,1402.0415612589568,None,,,,,,,,,1,2022_Mar_31_1055,SAR-soap,2021.1.2,
58,Trial # 54,Group1-stimuli/group1-block1/fake-group2-b1/encoded_Group2_IMG_9758.jpg,0,encoded_Group2_IMG_9758.jpg,,,,,0.0,53.0,53.0,53.0,,,,,,,,,,,,,,,,,,,,,,,,,,,,,,,,,,,,,1409.0443624090403,None,1409.0443624090403,None,1409.0443624090403,None,6.0,4.198122826055624,1409.0443624090403,None,1409.0443624090403,None,6.0,13.1390707019018,1412.7959409019677,None,1409.0443624090403,None,3.0,14.578467700979672,1421.748131897999,None,1409.0443624090403,None,space,0.1629251380218193,14.606943860533647,None,1409.0443624090403,None,1409.0443624090403,None,,,,,,,,,1,2022_Mar_31_1055,SAR-soap,2021.1.2,
59,Trial # 55,Group1-stimuli/group1-block1/fake-group2-b1/encoded_Group2_IMG_0339.jpg,0,encoded_Group2_IMG_0339.jpg,,,,,0.0,54.0,54.0,54.0,,,,,,,,,,,,,,,,,,,,,,,,,,,,,,,,,,,,,1423.8489870219491,None,1423.8489870219491,None,1423.8489870219491,None,2.0,2.303419600008056,1423.8489870219491,None,1423.8489870219491,None,2.0,4.294326770934276,1425.7164493399905,None,1423.8489870219491,None,2.0,6.999732348951511,1427.717074097949,None,1423.8489870219491,None,space,0.5519093679031357,7.0346085239434615,None,1423.8489870219491,None,1423.8489870219491,None,,,,,,,,,1,2022_Mar_31_1055,SAR-soap,2021.1.2,
60,Trial # 56,Group1-stimuli/group1-block1/real-group1-b1/Group1_IMG_0314.jpg,1,Group1_IMG_0314.jpg,,,,,0.0,55.0,55.0,55.0,,,,,,,,,,,,,,,,,,,,,,,,,,,,,,,,,,,,,1431.484082665993,None,1431.484082665993,None,1431.484082665993,None,1.0,3.010519723990001,1431.484082665993,None,1431.484082665993,None,2.0,5.100595463067293,1434.0365824210458,None,1431.484082665993,None,1.0,5.9726503329584375,1436.135876280954,None,1431.484082665993,None,space,0.7832765500061214,5.997902250383049,None,1431.484082665993,None,1431.484082665993,None,,,,,,,,,1,2022_Mar_31_1055,SAR-soap,2021.1.2,
61,Trial # 57,Group1-stimuli/group1-block1/fake-group2-b1/encoded_Group2_IMG_0532.jpg,0,encoded_Group2_IMG_0532.jpg,,,,,0.0,56.0,56.0,56.0,,,,,,,,,,,,,,,,,,,,,,,,,,,,,,,,,,,,,1438.287252346985,None,1438.287252346985,None,1438.287252346985,None,4.0,4.21374230296351,1438.287252346985,None,1438.287252346985,None,6.0,6.0700673629762605,1442.054249002016,None,1438.287252346985,None,6.0,7.5086285239085555,1443.9226259420393,None,1438.287252346985,None,space,0.1908108360366895,7.536203528405167,None,1438.287252346985,None,1438.287252346985,None,,,,,,,,,1,2022_Mar_31_1055,SAR-soap,2021.1.2,
62,Trial # 58,Group1-stimuli/group1-block1/fake-group2-b1/encoded_Group2_IMG_0462.jpg,0,encoded_Group2_IMG_0462.jpg,,,,,0.0,57.0,57.0,57.0,,,,,,,,,,,,,,,,,,,,,,,,,,,,,,,,,,,,,1446.0389305070275,None,1446.0389305070275,None,1446.0389305070275,None,6.0,2.564751251018606,1446.0389305070275,None,1446.0389305070275,None,7.0,4.352918094955385,1448.157704681973,None,1446.0389305070275,None,5.0,7.459178218967281,1449.956674325047,None,1446.0389305070275,None,space,0.1599760249955579,7.487605498288758,None,1446.0389305070275,None,1446.0389305070275,None,,,,,,,,,1,2022_Mar_31_1055,SAR-soap,2021.1.2,
63,Trial # 59,Group1-stimuli/group1-block1/real-group1-b1/Group1_IMG_0172.jpg,1,Group1_IMG_0172.jpg,,,,,0.0,58.0,58.0,58.0,,,,,,,,,,,,,,,,,,,,,,,,,,,,,,,,,,,,,1453.7246593389427,None,1453.7246593389427,None,1453.7246593389427,None,2.0,1.8490079400362447,1453.7246593389427,None,1453.7246593389427,None,2.0,3.8717026240192354,1455.1258399760118,None,1453.7246593389427,None,1.0,5.311730284010992,1457.1587740810355,None,1453.7246593389427,None,space,0.272287980071269,5.34239513007924,None,1453.7246593389427,None,1453.7246593389427,None,,,,,,,,,1,2022_Mar_31_1055,SAR-soap,2021.1.2,
64,Trial # 60,Group1-stimuli/group1-block1/real-group1-b1/Group1_IMG_4841.jpg,1,Group1_IMG_4841.jpg,,,,,0.0,59.0,59.0,59.0,,,,,,,,,,,,,,,,,,,,,,,,,,,,,,,,,,,,,1459.4094390260288,None,1459.4094390260288,None,1459.4094390260288,None,6.0,3.477908540982753,1459.4094390260288,None,1459.4094390260288,None,7.0,5.715820343000814,1462.0101425210014,None,1459.4094390260288,None,7.0,6.954995390959084,1464.6783000390278,None,1459.4094390260288,None,space,0.770344692049548,6.978635004139505,None,1459.4094390260288,None,1459.4094390260288,None,,,,,,,,,1,2022_Mar_31_1055,SAR-soap,2021.1.2,
65,Trial # 61,Group1-stimuli/group1-block1/fake-group2-b1/encoded_Group2_IMG_0352.jpg,0,encoded_Group2_IMG_0352.jpg,,,,,0.0,60.0,60.0,60.0,,,,,,,,,,,,,,,,,,,,,,,,,,,,,,,,,,,,,1467.1962531260217,None,1467.1962531260217,None,1467.1962531260217,None,1.0,2.9826779370196164,1467.1962531260217,None,1467.1962531260217,None,1.0,3.804398927022703,1469.730303957942,None,1467.1962531260217,None,1.0,4.377239390043542,1470.5630256719887,None,1467.1962531260217,None,space,0.2404164749896153,4.404768119333312,None,1467.1962531260217,None,1467.1962531260217,None,,,,,,,,,1,2022_Mar_31_1055,SAR-soap,2021.1.2,
66,Trial # 62,Group1-stimuli/group1-block1/fake-group2-b1/encoded_Group2_IMG_9726.jpg,0,encoded_Group2_IMG_9726.jpg,,,,,0.0,61.0,61.0,61.0,,,,,,,,,,,,,,,,,,,,,,,,,,,,,,,,,,,,,1471.879256104934,None,1471.879256104934,None,1471.879256104934,None,6.0,2.196514894021675,1471.879256104934,None,1471.879256104934,None,7.0,5.369505951995961,1473.6319361820351,None,1471.879256104934,None,3.0,7.342578251031227,1476.8149326839484,None,1471.879256104934,None,space,0.2113629180239513,7.369052231544629,None,1471.879256104934,None,1471.879256104934,None,,,,,,,,,1,2022_Mar_31_1055,SAR-soap,2021.1.2,
67,Trial # 63,Group1-stimuli/group1-block1/fake-group2-b1/encoded_Group2_IMG_9785.jpg,0,encoded_Group2_IMG_9785.jpg,,,,,0.0,62.0,62.0,62.0,,,,,,,,,,,,,,,,,,,,,,,,,,,,,,,,,,,,,1479.5153711279854,None,1479.5153711279854,None,1479.5153711279854,None,5.0,3.6960860079852864,1479.5153711279854,None,1479.5153711279854,None,6.0,4.686328719020821,1482.7509769320022,None,1479.5153711279854,None,6.0,6.389584274031222,1483.7516435260186,None,1479.5153711279854,None,space,0.1423543010605499,6.417533062398434,None,1479.5153711279854,None,1479.5153711279854,None,,,,,,,,,1,2022_Mar_31_1055,SAR-soap,2021.1.2,
68,Trial # 64,Group1-stimuli/group1-block1/fake-group2-b1/encoded_Group2_IMG_0440.jpg,0,encoded_Group2_IMG_0440.jpg,,,,,0.0,63.0,63.0,63.0,,,,,,,,,,,,,,,,,,,,,,,,,,,,,,,,,,,,,1486.1177773909876,None,1486.1177773909876,None,1486.1177773909876,None,6.0,15.469396902015433,1486.1177773909876,None,1486.1177773909876,None,5.0,44.70127725508064,1501.1393256100127,None,1486.1177773909876,None,5.0,46.77357563294936,1530.3811552110128,None,1486.1177773909876,None,space,0.5762915279483423,46.80402857810259,None,1486.1177773909876,None,1486.1177773909876,None,,,,,,,,,1,2022_Mar_31_1055,SAR-soap,2021.1.2,
69,Trial # 65,Group1-stimuli/group1-block1/fake-group2-b1/encoded_Group2_IMG_1695.jpg,0,encoded_Group2_IMG_1695.jpg,,,,,0.0,64.0,64.0,64.0,,,,,,,,,,,,,,,,,,,,,,,,,,,,,,,,,,,,,1533.5334309169557,None,1533.5334309169557,None,1533.5334309169557,None,2.0,1.9631968430476263,1533.5334309169557,None,1533.5334309169557,None,2.0,4.519128952058964,1535.0508443580477,None,1533.5334309169557,None,1.0,3.55833058198914,1535.6832207499538,None,1533.5334309169557,None,space,1.135345719056204,3.5856040695216507,None,1533.5334309169557,None,1533.5334309169557,None,,,,,,,,,1,2022_Mar_31_1055,SAR-soap,2021.1.2,
70,Trial # 66,Group1-stimuli/group1-block1/real-group1-b1/Group1_IMG_0552.jpg,1,Group1_IMG_0552.jpg,,,,,0.0,65.0,65.0,65.0,,,,,,,,,,,,,,,,,,,,,,,,,,,,,,,,,,,,,1538.3183566769585,None,1538.3183566769585,None,1538.3183566769585,None,1.0,10.800396731938235,1538.3183566769585,None,1538.3183566769585,None,1.0,12.005931279039942,1548.670963341021,None,1538.3183566769585,None,1.0,12.57730105391238,1549.8877017119669,None,1538.3183566769585,None,space,0.1307731179986149,12.607525085215457,None,1538.3183566769585,None,1538.3183566769585,None,,,,,,,,,1,2022_Mar_31_1055,SAR-soap,2021.1.2,
71,Trial # 67,Group1-stimuli/group1-block1/real-group1-b1/Group1_IMG_1029.jpg,1,Group1_IMG_1029.jpg,,,,,0.0,66.0,66.0,66.0,,,,,,,,,,,,,,,,,,,,,,,,,,,,,,,,,,,,,1551.2208080770215,None,1551.2208080770215,None,1551.2208080770215,None,4.0,3.199920541956089,1551.2208080770215,None,1551.2208080770215,None,5.0,16.4572953019524,1553.9737386530032,None,1551.2208080770215,None,4.0,23.349291690043174,1567.2274102770025,None,1551.2208080770215,None,space,0.2576226691016927,23.378087150631472,None,1551.2208080770215,None,1551.2208080770215,None,,,,,,,,,1,2022_Mar_31_1055,SAR-soap,2021.1.2,
72,Trial # 68,Group1-stimuli/group1-block1/fake-group2-b1/encoded_Group2_IMG_6517.jpg,0,encoded_Group2_IMG_6517.jpg,,,,,0.0,67.0,67.0,67.0,,,,,,,,,,,,,,,,,,,,,,,,,,,,,,,,,,,,,1574.912047625985,None,1574.912047625985,None,1574.912047625985,None,1.0,4.029932937934063,1574.912047625985,None,1574.912047625985,None,1.0,4.502638107049279,1577.2311266890028,None,1574.912047625985,None,1.0,5.241435757023282,1578.964355731965,None,1574.912047625985,None,space,0.2481423100689426,5.267671681125648,None,1574.912047625985,None,1574.912047625985,None,,,,,,,,,1,2022_Mar_31_1055,SAR-soap,2021.1.2,
73,Trial # 69,Group1-stimuli/group1-block1/fake-group2-b1/encoded_Group2_IMG_0002.jpg,0,encoded_Group2_IMG_0002.jpg,,,,,0.0,68.0,68.0,68.0,,,,,,,,,,,,,,,,,,,,,,,,,,,,,,,,,,,,,1580.5300634769956,None,1580.5300634769956,None,1580.5300634769956,None,5.0,15.862632517004386,1580.5300634769956,None,1580.5300634769956,None,5.0,20.63706326996908,1595.935498325969,None,1580.5300634769956,None,5.0,22.10826576105319,1600.7198180019625,None,1580.5300634769956,None,space,0.1596987530356273,22.13145938119851,None,1580.5300634769956,None,1580.5300634769956,None,,,,,,,,,1,2022_Mar_31_1055,SAR-soap,2021.1.2,
74,Trial # 70,Group1-stimuli/group1-block1/real-group1-b1/Group1_IMG_0495.jpg,1,Group1_IMG_0495.jpg,,,,,0.0,69.0,69.0,69.0,,,,,,,,,,,,,,,,,,,,,,,,,,,,,,,,,,,,,1602.887347950018,None,1602.887347950018,None,1602.887347950018,None,1.0,2.356884266017005,1602.887347950018,None,1602.887347950018,None,1.0,2.7954750690842047,1604.3386181700043,None,1602.887347950018,None,1.0,3.900895705912262,1605.2380802789703,None,1602.887347950018,None,space,0.1273225740296766,3.921533993794583,None,1602.887347950018,None,1602.887347950018,None,,,,,,,,,1,2022_Mar_31_1055,SAR-soap,2021.1.2,
75,Trial # 71,Group1-stimuli/group1-block1/real-group1-b1/Group1_IMG_1391.jpg,1,Group1_IMG_1391.jpg,,,,,0.0,70.0,70.0,70.0,,,,,,,,,,,,,,,,,,,,,,,,,,,,,,,,,,,,,1606.9714665949575,None,1606.9714665949575,None,1606.9714665949575,None,4.0,4.730344440904446,1606.9714665949575,None,1606.9714665949575,None,6.0,8.786444287979975,1611.2573712569429,None,1606.9714665949575,None,6.0,10.96038681094069,1615.3243440650403,None,1606.9714665949575,None,space,0.2210521680535748,10.987969623180106,None,1606.9714665949575,None,1606.9714665949575,None,,,,,,,,,1,2022_Mar_31_1055,SAR-soap,2021.1.2,
76,Trial # 72,Group1-stimuli/group1-block1/real-group1-b1/Group1_IMG_0343.jpg,1,Group1_IMG_0343.jpg,,,,,0.0,71.0,71.0,71.0,,,,,,,,,,,,,,,,,,,,,,,,,,,,,,,,,,,,,1618.226264973986,None,1618.226264973986,None,1618.226264973986,None,2.0,1.7757186939707026,1618.226264973986,None,1618.226264973986,None,1.0,2.4495482539059594,1619.5426831060322,None,1618.226264973986,None,1.0,3.0862941780360416,1620.2264660999645,None,1618.226264973986,None,space,0.3660293800057843,3.1117663184413686,None,1618.226264973986,None,1618.226264973986,None,,,,,,,,,1,2022_Mar_31_1055,SAR-soap,2021.1.2,
77,Trial # 73,Group1-stimuli/group1-block1/fake-group2-b1/encoded_Group2_IMG_9810.jpg,0,encoded_Group2_IMG_9810.jpg,,,,,0.0,72.0,72.0,72.0,,,,,,,,,,,,,,,,,,,,,,,,,,,,,,,,,,,,,1621.709191521979,None,1621.709191521979,None,1621.709191521979,None,1.0,1.6796578610083088,1621.709191521979,None,1621.709191521979,None,1.0,2.235423777019605,1622.9438083670102,None,1621.709191521979,None,1.0,2.807414962910116,1623.5101727719884,None,1621.709191521979,None,space,0.1168520699720829,2.833570619346574,None,1621.709191521979,None,1621.709191521979,None,,,,,,,,,1,2022_Mar_31_1055,SAR-soap,2021.1.2,
78,Trial # 74,Group1-stimuli/group1-block1/fake-group2-b1/encoded_Group2_IMG_5900.jpg,0,encoded_Group2_IMG_5900.jpg,,,,,0.0,73.0,73.0,73.0,,,,,,,,,,,,,,,,,,,,,,,,,,,,,,,,,,,,,1624.6945977529977,None,1624.6945977529977,None,1624.6945977529977,None,1.0,2.0792545520234853,1624.6945977529977,None,1624.6945977529977,None,2.0,3.985842959024012,1626.3281681749504,None,1624.6945977529977,None,1.0,4.723587117972784,1628.2459940690314,None,1624.6945977529977,None,space,1.374236361007206,4.75191180233378,None,1624.6945977529977,None,1624.6945977529977,None,,,,,,,,,1,2022_Mar_31_1055,SAR-soap,2021.1.2,
79,Trial # 75,Group1-stimuli/group1-block1/real-group1-b1/Group1_IMG_9679.jpg,1,Group1_IMG_9679.jpg,,,,,0.0,74.0,74.0,74.0,,,,,,,,,,,,,,,,,,,,,,,,,,,,,,,,,,,,,1630.8790481289616,None,1630.8790481289616,None,1630.8790481289616,None,1.0,2.461053753970191,1630.8790481289616,None,1630.8790481289616,None,1.0,5.949357763980515,1632.8804301869825,None,1630.8790481289616,None,1.0,6.654138411977328,1636.380730777979,None,1630.8790481289616,None,space,0.1612418129807338,6.679450123454444,None,1630.8790481289616,None,1630.8790481289616,None,,,,,,,,,1,2022_Mar_31_1055,SAR-soap,2021.1.2,
80,Trial # 76,Group1-stimuli/group1-block1/fake-group2-b1/encoded_Group2_IMG_4249.jpg,0,encoded_Group2_IMG_4249.jpg,,,,,0.0,75.0,75.0,75.0,,,,,,,,,,,,,,,,,,,,,,,,,,,,,,,,,,,,,1637.7312597050332,None,1637.7312597050332,None,1637.7312597050332,None,6.0,2.512584779993631,1637.7312597050332,None,1637.7312597050332,None,7.0,5.219968950026669,1639.798693077988,None,1637.7312597050332,None,4.0,9.457673087948931,1642.5164866560372,None,1637.7312597050332,None,space,0.1471445100614801,9.485960310441442,None,1637.7312597050332,None,1637.7312597050332,None,,,,,,,,,1,2022_Mar_31_1055,SAR-soap,2021.1.2,
81,Trial # 77,Group1-stimuli/group1-block1/fake-group2-b1/encoded_Group2_IMG_0174.jpg,0,encoded_Group2_IMG_0174.jpg,,,,,0.0,76.0,76.0,76.0,,,,,,,,,,,,,,,,,,,,,,,,,,,,,,,,,,,,,1647.4012377239997,None,1647.4012377239997,None,1647.4012377239997,None,2.0,2.298294959939085,1647.4012377239997,None,1647.4012377239997,None,1.0,2.7529860109789297,1649.2514268000375,None,1647.4012377239997,None,1.0,3.25862917304039,1649.719287917018,None,1647.4012377239997,None,space,0.1995146119734272,3.285912302439101,None,1647.4012377239997,None,1647.4012377239997,None,,,,,,,,,1,2022_Mar_31_1055,SAR-soap,2021.1.2,
82,Trial # 78,Group1-stimuli/group1-block1/fake-group2-b1/encoded_Group2_IMG_0475.jpg,0,encoded_Group2_IMG_0475.jpg,,,,,0.0,77.0,77.0,77.0,,,,,,,,,,,,,,,,,,,,,,,,,,,,,,,,,,,,,1650.902349491953,None,1650.902349491953,None,1650.902349491953,None,1.0,2.132392638013698,1650.902349491953,None,1650.902349491953,None,1.0,2.6205986910499632,1652.5867056220304,None,1650.902349491953,None,1.0,3.858524974086322,1653.087058575009,None,1650.902349491953,None,space,0.226204801001586,3.887728627305478,None,1650.902349491953,None,1650.902349491953,None,,,,,,,,,1,2022_Mar_31_1055,SAR-soap,2021.1.2,
83,Trial # 79,Group1-stimuli/group1-block1/fake-group2-b1/encoded_Group2_IMG_9751.jpg,0,encoded_Group2_IMG_9751.jpg,,,,,0.0,78.0,78.0,78.0,,,,,,,,,,,,,,,,,,,,,,,,,,,,,,,,,,,,,1655.0361930599902,None,1655.0361930599902,None,1655.0361930599902,None,4.0,3.6467511620139694,1655.0361930599902,None,1655.0361930599902,None,6.0,4.603180706966668,1658.2385436740003,None,1655.0361930599902,None,2.0,5.3741054580314085,1659.204391821986,None,1655.0361930599902,None,space,0.2538818289758637,5.401664302451536,None,1655.0361930599902,None,1655.0361930599902,None,,,,,,,,,1,2022_Mar_31_1055,SAR-soap,2021.1.2,
84,Trial # 80,Group1-stimuli/group1-block1/fake-group2-b1/encoded_Group2_IMG_0492.jpg,0,encoded_Group2_IMG_0492.jpg,,,,,0.0,79.0,79.0,79.0,,,,,,,,,,,,,,,,,,,,,,,,,,,,,,,,,,,,,1660.7378155740444,None,1660.7378155740444,None,1660.7378155740444,None,1.0,1.585957780946046,1660.7378155740444,None,1660.7378155740444,None,1.0,2.07594736898318,1661.8723760789726,None,1660.7378155740444,None,1.0,2.6146926019573584,1662.3728351979516,None,1660.7378155740444,None,space,1.2318003870313987,2.6488555250689387,None,1660.7378155740444,None,1660.7378155740444,None,,,,,,,,,1,2022_Mar_31_1055,SAR-soap,2021.1.2,
85,Trial # 81,Group1-stimuli/group1-block1/real-group1-b1/Group1_IMG_0535.jpg,1,Group1_IMG_0535.jpg,,,,,0.0,80.0,80.0,80.0,,,,,,,,,,,,,,,,,,,,,,,,,,,,,,,,,,,,,1664.6392854989972,None,1664.6392854989972,None,1664.6392854989972,None,1.0,1.9649515450000763,1664.6392854989972,None,1664.6392854989972,None,1.0,2.453690076014027,1666.1569341999711,None,1664.6392854989972,None,1.0,3.059628683957272,1666.656292250962,None,1664.6392854989972,None,space,0.7205625149654225,3.0891572021646425,None,1664.6392854989972,None,1664.6392854989972,None,,,,,,,,,1,2022_Mar_31_1055,SAR-soap,2021.1.2,
86,Trial # 82,Group1-stimuli/group1-block1/real-group1-b1/Group1_IMG_0077.jpg,1,Group1_IMG_0077.jpg,,,,,0.0,81.0,81.0,81.0,,,,,,,,,,,,,,,,,,,,,,,,,,,,,,,,,,,,,1668.5073834459763,None,1668.5073834459763,None,1668.5073834459763,None,5.0,3.045296323020011,1668.5073834459763,None,1668.5073834459763,None,6.0,5.937064380035736,1671.09176515101,None,1668.5073834459763,None,7.0,6.507559729041532,1673.9933917649323,None,1668.5073834459763,None,space,0.2267750609898939,6.533897432149388,None,1668.5073834459763,None,1668.5073834459763,None,,,,,,,,,1,2022_Mar_31_1055,SAR-soap,2021.1.2,
87,Trial # 83,Group1-stimuli/group1-block1/fake-group2-b1/encoded_Group2_IMG_9702.jpg,0,encoded_Group2_IMG_9702.jpg,,,,,0.0,82.0,82.0,82.0,,,,,,,,,,,,,,,,,,,,,,,,,,,,,,,,,,,,,1675.2759280269966,None,1675.2759280269966,None,1675.2759280269966,None,2.0,1.912076464970596,1675.2759280269966,None,1675.2759280269966,None,1.0,2.368385161040351,1676.7429802969564,None,1675.2759280269966,None,1.0,2.8755956839304417,1677.2096997059416,None,1675.2759280269966,None,space,0.1395508740097284,2.90164635446854,None,1675.2759280269966,None,1675.2759280269966,None,,,,,,,,,1,2022_Mar_31_1055,SAR-soap,2021.1.2,
88,Trial # 84,Group1-stimuli/group1-block1/real-group1-b1/Group1_IMG_0357.jpg,1,Group1_IMG_0357.jpg,,,,,0.0,83.0,83.0,83.0,,,,,,,,,,,,,,,,,,,,,,,,,,,,,,,,,,,,,1678.3780250049897,None,1678.3780250049897,None,1678.3780250049897,None,1.0,2.1580948040355,1678.3780250049897,None,1678.3780250049897,None,1.0,3.01546088908799,1680.0784525959753,None,1678.3780250049897,None,1.0,3.5197698129341006,1680.944546801038,None,1678.3780250049897,None,space,0.1893171650590375,3.544499350595288,None,1678.3780250049897,None,1678.3780250049897,None,,,,,,,,,1,2022_Mar_31_1055,SAR-soap,2021.1.2,
89,Trial # 85,Group1-stimuli/group1-block1/real-group1-b1/Group1_IMG_9772.jpg,1,Group1_IMG_9772.jpg,,,,,0.0,84.0,84.0,84.0,,,,,,,,,,,,,,,,,,,,,,,,,,,,,,,,,,,,,1682.1443507620131,None,1682.1443507620131,None,1682.1443507620131,None,5.0,2.629489831975661,1682.1443507620131,None,1682.1443507620131,None,6.0,4.751183780026622,1683.7633836669847,None,1682.1443507620131,None,6.0,6.356161977979355,1686.4461316299858,None,1682.1443507620131,None,space,0.106707346974872,6.3830522753996775,None,1682.1443507620131,None,1682.1443507620131,None,,,,,,,,,1,2022_Mar_31_1055,SAR-soap,2021.1.2,
90,Trial # 86,Group1-stimuli/group1-block1/real-group1-b1/Group1_IMG_0482.jpg,1,Group1_IMG_0482.jpg,,,,,0.0,85.0,85.0,85.0,,,,,,,,,,,,,,,,,,,,,,,,,,,,,,,,,,,,,1688.6811483069323,None,1688.6811483069323,None,1688.6811483069323,None,1.0,4.332654456957243,1688.6811483069323,None,1688.6811483069323,None,2.0,5.32262182305567,1692.5656068619571,None,1688.6811483069323,None,1.0,5.762253479915671,1693.566013772972,None,1688.6811483069323,None,space,0.2419073249911889,5.792046970222145,None,1688.6811483069323,None,1688.6811483069323,None,,,,,,,,,1,2022_Mar_31_1055,SAR-soap,2021.1.2,
91,Trial # 87,Group1-stimuli/group1-block1/real-group1-b1/Group1_IMG_0299.jpg,1,Group1_IMG_0299.jpg,,,,,0.0,86.0,86.0,86.0,,,,,,,,,,,,,,,,,,,,,,,,,,,,,,,,,,,,,1694.7664303289494,None,1694.7664303289494,None,1694.7664303289494,None,5.0,3.685285227023997,1694.7664303289494,None,1694.7664303289494,None,5.0,7.591957184951752,1698.001214290969,None,1694.7664303289494,None,6.0,12.164527735905722,1701.917742370977,None,1694.7664303289494,None,space,0.1158820969285443,12.199021833133884,None,1694.7664303289494,None,1694.7664303289494,None,,,,,,,,,1,2022_Mar_31_1055,SAR-soap,2021.1.2,
92,Trial # 88,Group1-stimuli/group1-block1/fake-group2-b1/encoded_Group2_IMG_0301.jpg,0,encoded_Group2_IMG_0301.jpg,,,,,0.0,87.0,87.0,87.0,,,,,,,,,,,,,,,,,,,,,,,,,,,,,,,,,,,,,1707.1021757179406,None,1707.1021757179406,None,1707.1021757179406,None,5.0,2.745920618996024,1707.1021757179406,None,1707.1021757179406,None,5.0,3.235317821032368,1709.4034795869377,None,1707.1021757179406,None,6.0,4.273774764034897,1709.9035622619558,None,1707.1021757179406,None,space,0.6247949610697106,4.301094461465254,None,1707.1021757179406,None,1707.1021757179406,None,,,,,,,,,1,2022_Mar_31_1055,SAR-soap,2021.1.2,
93,Trial # 89,Group1-stimuli/group1-block1/fake-group2-b1/encoded_Group2_IMG_5136.jpg,0,encoded_Group2_IMG_5136.jpg,,,,,0.0,88.0,88.0,88.0,,,,,,,,,,,,,,,,,,,,,,,,,,,,,,,,,,,,,1712.0542068689829,None,1712.0542068689829,None,1712.0542068689829,None,5.0,3.681020213989541,1712.0542068689829,None,1712.0542068689829,None,7.0,4.702217946993187,1715.2886015280385,None,1712.0542068689829,None,7.0,6.575703897979111,1716.3221045619575,None,1712.0542068689829,None,space,0.19565090094693,6.603895342443138,None,1712.0542068689829,None,1712.0542068689829,None,,,,,,,,,1,2022_Mar_31_1055,SAR-soap,2021.1.2,
94,Trial # 90,Group1-stimuli/group1-block1/real-group1-b1/Group1_IMG_0460.jpg,1,Group1_IMG_0460.jpg,,,,,0.0,89.0,89.0,89.0,,,,,,,,,,,,,,,,,,,,,,,,,,,,,,,,,,,,,1718.8899425819982,None,1718.8899425819982,None,1718.8899425819982,None,5.0,2.984909476013854,1718.8899425819982,None,1718.8899425819982,None,4.0,8.40864350402262,1721.424604414031,None,1718.8899425819982,None,6.0,9.748199595022015,1726.8590357209323,None,1718.8899425819982,None,space,0.1362042319960892,9.781626038136892,None,1718.8899425819982,None,1718.8899425819982,None,,,,,,,,,1,2022_Mar_31_1055,SAR-soap,2021.1.2,
95,Trial # 91,Group1-stimuli/group1-block1/fake-group2-b1/encoded_Group2_IMG_0068.jpg,0,encoded_Group2_IMG_0068.jpg,,,,,0.0,90.0,90.0,90.0,,,,,,,,,,,,,,,,,,,,,,,,,,,,,,,,,,,,,1728.8426937409677,None,1728.8426937409677,None,1728.8426937409677,None,6.0,4.220614899997599,1728.8426937409677,None,1728.8426937409677,None,5.0,8.01001211302355,1732.628736512037,None,1728.8426937409677,None,7.0,8.616235843976028,1736.4287828130182,None,1728.8426937409677,None,space,1.7735860240645709,8.650963908061385,None,1728.8426937409677,None,1728.8426937409677,None,,,,,,,,,1,2022_Mar_31_1055,SAR-soap,2021.1.2,
96,Trial # 92,Group1-stimuli/group1-block1/real-group1-b1/Group1_IMG_0337.jpg,1,Group1_IMG_0337.jpg,,,,,0.0,91.0,91.0,91.0,,,,,,,,,,,,,,,,,,,,,,,,,,,,,,,,,,,,,1739.329648087034,None,1739.329648087034,None,1739.329648087034,None,1.0,3.7019138099858537,1739.329648087034,None,1739.329648087034,None,1.0,4.37470005499199,1742.0968639849452,None,1739.329648087034,None,1.0,5.513723265961744,1743.2648334760452,None,1739.329648087034,None,space,0.2038349519716575,5.546066608047113,None,1739.329648087034,None,1739.329648087034,None,,,,,,,,,1,2022_Mar_31_1055,SAR-soap,2021.1.2,
97,Trial # 93,Group1-stimuli/group1-block1/fake-group2-b1/encoded_Group2_IMG_0346.jpg,0,encoded_Group2_IMG_0346.jpg,,,,,0.0,92.0,92.0,92.0,,,,,,,,,,,,,,,,,,,,,,,,,,,,,,,,,,,,,1745.1145273459842,None,1745.1145273459842,None,1745.1145273459842,None,1.0,1.562960013980046,1745.1145273459842,None,1745.1145273459842,None,1.0,2.251304990029894,1746.2317819099408,None,1745.1145273459842,None,1.0,2.790672627976164,1746.9311716599625,None,1745.1145273459842,None,space,0.8395757640246302,2.8188069444149733,None,1745.1145273459842,None,1745.1145273459842,None,,,,,,,,,1,2022_Mar_31_1055,SAR-soap,2021.1.2,
98,Trial # 94,Group1-stimuli/group1-block1/real-group1-b1/Group1_IMG_4253.jpg,1,Group1_IMG_4253.jpg,,,,,0.0,93.0,93.0,93.0,,,,,,,,,,,,,,,,,,,,,,,,,,,,,,,,,,,,,1748.8330863489537,None,1748.8330863489537,None,1748.8330863489537,None,5.0,5.619702149997465,1748.8330863489537,None,1748.8330863489537,None,6.0,7.475854774005711,1754.001919155009,None,1748.8330863489537,None,4.0,15.318759833928198,1755.8677044729702,None,1748.8330863489537,None,space,0.184897011029534,15.352252142154612,None,1748.8330863489537,None,1748.8330863489537,None,,,,,,,,,1,2022_Mar_31_1055,SAR-soap,2021.1.2,
99,Trial # 95,Group1-stimuli/group1-block1/fake-group2-b1/encoded_Group2_IMG_9280.jpg,0,encoded_Group2_IMG_9280.jpg,,,,,0.0,94.0,94.0,94.0,,,,,,,,,,,,,,,,,,,,,,,,,,,,,,,,,,,,,1764.3875773469915,None,1764.3875773469915,None,1764.3875773469915,None,5.0,3.314495611935854,1764.3875773469915,None,1764.3875773469915,None,5.0,5.604212775011547,1767.2553277909756,None,1764.3875773469915,None,7.0,6.8420473909936845,1769.5550675110426,None,1764.3875773469915,None,space,0.5254446209874004,6.870669345371425,None,1764.3875773469915,None,1764.3875773469915,None,,,,,,,,,1,2022_Mar_31_1055,SAR-soap,2021.1.2,
100,Trial # 96,Group1-stimuli/group1-block1/real-group1-b1/Group1_IMG_0417.jpg,1,Group1_IMG_0417.jpg,,,,,0.0,95.0,95.0,95.0,,,,,,,,,,,,,,,,,,,,,,,,,,,,,,,,,,,,,1771.822119785007,None,1771.822119785007,None,1771.822119785007,None,4.0,2.695810987963341,1771.822119785007,None,1771.822119785007,None,4.0,7.786879544029944,1774.0570973380236,None,1771.822119785007,None,1.0,9.123486562049948,1779.1582476659678,None,1771.822119785007,None,space,0.2536545500624925,9.150227032369004,None,1771.822119785007,None,1771.822119785007,None,,,,,,,,,1,2022_Mar_31_1055,SAR-soap,2021.1.2,
101,Trial # 97,Group1-stimuli/group1-block1/fake-group2-b1/encoded_Group2_IMG_9695.jpg,0,encoded_Group2_IMG_9695.jpg,,,,,0.0,96.0,96.0,96.0,,,,,,,,,,,,,,,,,,,,,,,,,,,,,,,,,,,,,1781.2584715830162,None,1781.2584715830162,None,1781.2584715830162,None,1.0,1.829112272011116,1781.2584715830162,None,1781.2584715830162,None,1.0,2.2507472599390894,1782.6266079950146,None,1781.2584715830162,None,1.0,2.790295386919752,1783.059393765987,None,1781.2584715830162,None,space,0.2156690040137618,2.817400747560896,None,1781.2584715830162,None,1781.2584715830162,None,,,,,,,,,1,2022_Mar_31_1055,SAR-soap,2021.1.2,
102,Trial # 98,Group1-stimuli/group1-block1/real-group1-b1/Group1_IMG_1160.jpg,1,Group1_IMG_1160.jpg,,,,,0.0,97.0,97.0,97.0,,,,,,,,,,,,,,,,,,,,,,,,,,,,,,,,,,,,,1784.3261897269404,None,1784.3261897269404,None,1784.3261897269404,None,6.0,9.98425027099438,1784.3261897269404,None,1784.3261897269404,None,5.0,12.355756142991597,1792.646963223,None,1784.3261897269404,None,3.0,14.628478760947472,1796.246860879939,None,1784.3261897269404,None,space,0.1752275970065966,14.657191107166,None,1784.3261897269404,None,1784.3261897269404,None,,,,,,,,,1,2022_Mar_31_1055,SAR-soap,2021.1.2,
103,Trial # 99,Group1-stimuli/group1-block1/real-group1-b1/Group1_IMG_0448.jpg,1,Group1_IMG_0448.jpg,,,,,0.0,98.0,98.0,98.0,,,,,,,,,,,,,,,,,,,,,,,,,,,,,,,,,,,,,1799.2151291839546,None,1799.2151291839546,None,1799.2151291839546,None,5.0,3.462614207994193,1799.2151291839546,None,1799.2151291839546,None,6.0,5.453387810033746,1802.231976449024,None,1799.2151291839546,None,6.0,6.993301824084483,1804.232634756016,None,1799.2151291839546,None,space,0.131884100032039,7.018383629154414,None,1799.2151291839546,None,1799.2151291839546,None,,,,,,,,,1,2022_Mar_31_1055,SAR-soap,2021.1.2,
104,Trial # 100,Group1-stimuli/group1-block1/fake-group2-b1/encoded_Group2_IMG_0393.jpg,0,encoded_Group2_IMG_0393.jpg,,,,,0.0,99.0,99.0,99.0,,,,,,,,,,,,,,,,,,,,,,,,,,,,,,,,,,,,,1806.382986587938,None,1806.382986587938,None,1806.382986587938,None,6.0,2.2985837960150093,1806.382986587938,None,1806.382986587938,None,5.0,4.469817921053618,1808.2351749360096,None,1806.382986587938,None,4.0,6.9429200070444494,1810.418585576932,None,1806.382986587938,None,space,0.9635253760498016,6.97237382538151,None,1806.382986587938,None,1806.382986587938,None,,,,,,,,,1,2022_Mar_31_1055,SAR-soap,2021.1.2,
105,Trial # 101,Group1-stimuli/group1-block1/real-group1-b1/Group1_IMG_0090.jpg,1,Group1_IMG_0090.jpg,,,,,0.0,100.0,100.0,100.0,,,,,,,,,,,,,,,,,,,,,,,,,,,,,,,,,,,,,1814.3525779079648,None,1814.3525779079648,None,1814.3525779079648,None,1.0,3.614268436911516,1814.3525779079648,None,1814.3525779079648,None,1.0,4.069862799020484,1817.520806164015,None,1814.3525779079648,None,1.0,5.209130630944856,1817.9881180860104,None,1814.3525779079648,None,space,0.5844753129640594,5.236015450092964,None,1814.3525779079648,None,1814.3525779079648,None,,,,,,,,,1,2022_Mar_31_1055,SAR-soap,2021.1.2,
106,Trial # 102,Group1-stimuli/group1-block1/real-group1-b1/Group1_IMG_0310.jpg,1,Group1_IMG_0310.jpg,,,,,0.0,101.0,101.0,101.0,,,,,,,,,,,,,,,,,,,,,,,,,,,,,,,,,,,,,1820.2208736119792,None,1820.2208736119792,None,1820.2208736119792,None,1.0,1.5226694690063596,1820.2208736119792,None,1820.2208736119792,None,1.0,1.9127231740858408,1821.288372881012,None,1820.2208736119792,None,1.0,2.4498049900867045,1821.6880162969464,None,1820.2208736119792,None,space,0.1005335859954357,2.472687618574128,None,1820.2208736119792,None,1820.2208736119792,None,,,,,,,,,1,2022_Mar_31_1055,SAR-soap,2021.1.2,
107,Trial # 103,Group1-stimuli/group1-block1/fake-group2-b1/encoded_Group2_IMG_0528.jpg,0,encoded_Group2_IMG_0528.jpg,,,,,0.0,102.0,102.0,102.0,,,,,,,,,,,,,,,,,,,,,,,,,,,,,,,,,,,,,1822.8224742199527,None,1822.8224742199527,None,1822.8224742199527,None,5.0,3.0193858509883285,1822.8224742199527,None,1822.8224742199527,None,7.0,4.808234165073372,1825.389425758971,None,1822.8224742199527,None,6.0,5.747473148978315,1827.189833029988,None,1822.8224742199527,None,space,0.1733941559214145,5.78214510018006,None,1822.8224742199527,None,1822.8224742199527,None,,,,,,,,,1,2022_Mar_31_1055,SAR-soap,2021.1.2,
108,Trial # 104,Group1-stimuli/group1-block1/fake-group2-b1/encoded_Group2_IMG_1975.jpg,0,encoded_Group2_IMG_1975.jpg,,,,,0.0,103.0,103.0,103.0,,,,,,,,,,,,,,,,,,,,,,,,,,,,,,,,,,,,,1828.807059820043,None,1828.807059820043,None,1828.807059820043,None,1.0,2.1790403090417385,1828.807059820043,None,1828.807059820043,None,1.0,2.568051105015911,1830.540900235996,None,1828.807059820043,None,1.0,3.140422126976773,1830.941537851002,None,1828.807059820043,None,space,0.1586936640087515,3.168344151461497,None,1828.807059820043,None,1828.807059820043,None,,,,,,,,,1,2022_Mar_31_1055,SAR-soap,2021.1.2,
109,Trial # 105,Group1-stimuli/group1-block1/fake-group2-b1/encoded_Group2_IMG_0052.jpg,0,encoded_Group2_IMG_0052.jpg,,,,,0.0,104.0,104.0,104.0,,,,,,,,,,,,,,,,,,,,,,,,,,,,,,,,,,,,,1832.1744396969443,None,1832.1744396969443,None,1832.1744396969443,None,1.0,3.476303828996606,1832.1744396969443,None,1832.1744396969443,None,1.0,3.7999892679508775,1835.1925492190053,None,1832.1744396969443,None,1.0,4.337582423933782,1835.525985862944,None,1832.1744396969443,None,space,0.1506236039567738,4.362392386421561,None,1832.1744396969443,None,1832.1744396969443,None,,,,,,,,,1,2022_Mar_31_1055,SAR-soap,2021.1.2,
110,Trial # 106,Group1-stimuli/group1-block1/fake-group2-b1/encoded_Group2_IMG_0225.jpg,0,encoded_Group2_IMG_0225.jpg,,,,,0.0,105.0,105.0,105.0,,,,,,,,,,,,,,,,,,,,,,,,,,,,,,,,,,,,,1836.7088971929625,None,1836.7088971929625,None,1836.7088971929625,None,4.0,3.6808104360243306,1836.7088971929625,None,1836.7088971929625,None,5.0,8.171123637002893,1839.9438878869405,None,1836.7088971929625,None,3.0,23.914342648000456,1844.445962499944,None,1836.7088971929625,None,space,0.1947438949719071,23.943381705437787,None,1836.7088971929625,None,1836.7088971929625,None,,,,,,,,,1,2022_Mar_31_1055,SAR-soap,2021.1.2,
111,Trial # 107,Group1-stimuli/group1-block1/real-group1-b1/Group1_IMG_2231.jpg,1,Group1_IMG_2231.jpg,,,,,0.0,106.0,106.0,106.0,,,,,,,,,,,,,,,,,,,,,,,,,,,,,,,,,,,,,1860.8831142729607,None,1860.8831142729607,None,1860.8831142729607,None,5.0,2.186600346933119,1860.8831142729607,None,1860.8831142729607,None,5.0,6.877323730033822,1862.6182317270432,None,1860.8831142729607,None,6.0,7.649547416949645,1867.319891943945,None,1860.8831142729607,None,space,0.1870041859801858,7.685089086182415,None,1860.8831142729607,None,1860.8831142729607,None,,,,,,,,,1,2022_Mar_31_1055,SAR-soap,2021.1.2,
112,Trial # 108,Group1-stimuli/group1-block1/real-group1-b1/Group1_IMG_0217.jpg,1,Group1_IMG_0217.jpg,,,,,0.0,107.0,107.0,107.0,,,,,,,,,,,,,,,,,,,,,,,,,,,,,,,,,,,,,1868.7867310040165,None,1868.7867310040165,None,1868.7867310040165,None,4.0,12.196294673951344,1868.7867310040165,None,1868.7867310040165,None,6.0,13.318155426997691,1880.523318976048,None,1868.7867310040165,None,6.0,14.824153726920484,1881.656172018964,None,1868.7867310040165,None,space,0.8597814789973199,14.849328601383604,None,1868.7867310040165,None,1868.7867310040165,None,,,,,,,,,1,2022_Mar_31_1055,SAR-soap,2021.1.2,
113,Trial # 109,Group1-stimuli/group1-block1/real-group1-b1/Group1_IMG_0264.jpg,1,Group1_IMG_0264.jpg,,,,,0.0,108.0,108.0,108.0,,,,,,,,,,,,,,,,,,,,,,,,,,,,,,,,,,,,,1884.5247469679448,None,1884.5247469679448,None,1884.5247469679448,None,7.0,1.9340973100624976,1884.5247469679448,None,1884.5247469679448,None,7.0,4.841452871914953,1886.0079194710124,None,1884.5247469679448,None,7.0,5.3797679810086265,1888.926167796948,None,1884.5247469679448,None,space,0.1750482090283185,5.411207331111655,None,1884.5247469679448,None,1884.5247469679448,None,,,,,,,,,1,2022_Mar_31_1055,SAR-soap,2021.1.2,
114,Trial # 110,Group1-stimuli/group1-block1/fake-group2-b1/encoded_Group2_IMG_0254.jpg,0,encoded_Group2_IMG_0254.jpg,,,,,0.0,109.0,109.0,109.0,,,,,,,,,,,,,,,,,,,,,,,,,,,,,,,,,,,,,1890.142647981993,None,1890.142647981993,None,1890.142647981993,None,1.0,2.8815921469358727,1890.142647981993,None,1890.142647981993,None,1.0,3.3714728750055656,1892.578170147026,None,1890.142647981993,None,1.0,3.8432043129578233,1893.077902651043,None,1890.142647981993,None,space,0.2422995449742302,3.87016583851073,None,1890.142647981993,None,1890.142647981993,None,,,,,,,,,1,2022_Mar_31_1055,SAR-soap,2021.1.2,
115,Trial # 111,Group1-stimuli/group1-block1/fake-group2-b1/encoded_Group2_IMG_5433.jpg,0,encoded_Group2_IMG_5433.jpg,,,,,0.0,110.0,110.0,110.0,,,,,,,,,,,,,,,,,,,,,,,,,,,,,,,,,,,,,1894.294650746044,None,1894.294650746044,None,1894.294650746044,None,1.0,1.5463408610085023,1894.294650746044,None,1894.294650746044,None,1.0,1.9688318520784376,1895.3942933139624,None,1894.294650746044,None,1.0,2.3421186280902475,1895.8271636719585,None,1894.294650746044,None,space,0.1910000620409846,2.369380251388065,None,1894.294650746044,None,1894.294650746044,None,,,,,,,,,1,2022_Mar_31_1055,SAR-soap,2021.1.2,
116,Trial # 112,Group1-stimuli/group1-block1/real-group1-b1/Group1_IMG_0252.jpg,1,Group1_IMG_0252.jpg,,,,,0.0,111.0,111.0,111.0,,,,,,,,,,,,,,,,,,,,,,,,,,,,,,,,,,,,,1896.961585081997,None,1896.961585081997,None,1896.961585081997,None,1.0,1.855118282022886,1896.961585081997,None,1896.961585081997,None,3.0,7.544795981026255,1898.3631948960249,None,1896.961585081997,None,3.0,6.85095445800107,1898.863095095032,None,1896.961585081997,None,space,0.941556061967276,6.885112059884705,None,1896.961585081997,None,1896.961585081997,None,,,,,,,,,1,2022_Mar_31_1055,SAR-soap,2021.1.2,
117,Trial # 113,Group1-stimuli/group1-block1/real-group1-b1/Group1_IMG_9720.jpg,1,Group1_IMG_9720.jpg,,,,,0.0,112.0,112.0,112.0,,,,,,,,,,,,,,,,,,,,,,,,,,,,,,,,,,,,,1904.8305761360093,None,1904.8305761360093,None,1904.8305761360093,None,6.0,3.176194236031733,1904.8305761360093,None,1904.8305761360093,None,6.0,3.765988486004062,1907.549447264988,None,1904.8305761360093,None,5.0,5.172337766038254,1908.148913837038,None,1904.8305761360093,None,space,0.0768521160352975,5.194719477440231,None,1904.8305761360093,None,1904.8305761360093,None,,,,,,,,,1,2022_Mar_31_1055,SAR-soap,2021.1.2,
118,Trial # 114,Group1-stimuli/group1-block1/fake-group2-b1/encoded_Group2_IMG_0550.jpg,0,encoded_Group2_IMG_0550.jpg,,,,,0.0,113.0,113.0,113.0,,,,,,,,,,,,,,,,,,,,,,,,,,,,,,,,,,,,,1910.1325318990275,None,1910.1325318990275,None,1910.1325318990275,None,1.0,1.6636921759927643,1910.1325318990275,None,1910.1325318990275,None,2.0,4.152821045019664,1911.349873048952,None,1910.1325318990275,None,1.0,5.225348597043194,1911.915213920991,None,1910.1325318990275,None,space,0.3089649809990078,5.253686974523589,None,1910.1325318990275,None,1910.1325318990275,None,,,,,,,,,1,2022_Mar_31_1055,SAR-soap,2021.1.2,
119,Trial # 115,Group1-stimuli/group1-block1/real-group1-b1/Group1_IMG_9915.jpg,1,Group1_IMG_9915.jpg,,,,,0.0,114.0,114.0,114.0,,,,,,,,,,,,,,,,,,,,,,,,,,,,,,,,,,,,,1915.767688666936,None,1915.767688666936,None,1915.767688666936,None,1.0,2.094101525028236,1915.767688666936,None,1915.767688666936,None,1.0,2.582816423033364,1917.4015514670173,None,1915.767688666936,None,1.0,3.689089983003214,1917.901892883936,None,1915.767688666936,None,space,0.2317226419690996,3.711234950111248,None,1915.767688666936,None,1915.767688666936,None,,,,,,,,,1,2022_Mar_31_1055,SAR-soap,2021.1.2,
120,Trial # 116,Group1-stimuli/group1-block1/real-group1-b1/Group1_IMG_9850.jpg,1,Group1_IMG_9850.jpg,,,,,0.0,115.0,115.0,115.0,,,,,,,,,,,,,,,,,,,,,,,,,,,,,,,,,,,,,1919.7512905369515,None,1919.7512905369515,None,1919.7512905369515,None,1.0,4.129169676103629,1919.7512905369515,None,1919.7512905369515,None,2.0,5.2850172240287066,1923.4210201719543,None,1919.7512905369515,None,2.0,15.326138642034492,1924.5876000709832,None,1919.7512905369515,None,space,0.1937517650658264,15.35434428427834,None,1919.7512905369515,None,1919.7512905369515,None,,,,,,,,,1,2022_Mar_31_1055,SAR-soap,2021.1.2,
121,Trial # 117,Group1-stimuli/group1-block1/real-group1-b1/Group1_IMG_3579.jpg,1,Group1_IMG_3579.jpg,,,,,0.0,116.0,116.0,116.0,,,,,,,,,,,,,,,,,,,,,,,,,,,,,,,,,,,,,1935.356256449013,None,1935.356256449013,None,1935.356256449013,None,5.0,2.2275786120444536,1935.356256449013,None,1935.356256449013,None,6.0,4.317461403901689,1937.1246699159965,None,1935.356256449013,None,6.0,6.090609826031141,1939.2243159740465,None,1935.356256449013,None,space,0.410772125935182,6.114271848811768,None,1935.356256449013,None,1935.356256449013,None,,,,,,,,,1,2022_Mar_31_1055,SAR-soap,2021.1.2,
122,Trial # 118,Group1-stimuli/group1-block1/fake-group2-b1/encoded_Group2_IMG_0377.jpg,0,encoded_Group2_IMG_0377.jpg,,,,,0.0,117.0,117.0,117.0,,,,,,,,,,,,,,,,,,,,,,,,,,,,,,,,,,,,,1941.9082210980123,None,1941.9082210980123,None,1941.9082210980123,None,1.0,2.314623116049916,1941.9082210980123,None,1941.9082210980123,None,2.0,5.921960980980657,1943.776054459042,None,1941.9082210980123,None,1.0,6.459436681936495,1947.394624545006,None,1941.9082210980123,None,space,0.089954848983325,6.488801269442774,None,1941.9082210980123,None,1941.9082210980123,None,,,,,,,,,1,2022_Mar_31_1055,SAR-soap,2021.1.2,
123,Trial # 119,Group1-stimuli/group1-block1/real-group1-b1/Group1_IMG_0469.jpg,1,Group1_IMG_0469.jpg,,,,,0.0,118.0,118.0,118.0,,,,,,,,,,,,,,,,,,,,,,,,,,,,,,,,,,,,,1948.527319954941,None,1948.527319954941,None,1948.527319954941,None,1.0,2.0618102808948606,1948.527319954941,None,1948.527319954941,None,1.0,3.118595301988534,1950.145041303942,None,1948.527319954941,None,1.0,4.123396839015186,1951.2112033829328,None,1948.527319954941,None,space,0.3348084420431405,4.148694545147009,None,1948.527319954941,None,1948.527319954941,None,,,,,,,,,1,2022_Mar_31_1055,SAR-soap,2021.1.2,
124,Trial # 120,Group1-stimuli/group1-block1/fake-group2-b1/encoded_Group2_IMG_0100.jpg,0,encoded_Group2_IMG_0100.jpg,,,,,0.0,119.0,119.0,119.0,,,,,,,,,,,,,,,,,,,,,,,,,,,,,,,,,,,,,1953.046152947936,None,1953.046152947936,None,1953.046152947936,None,2.0,3.4346454800106585,1953.046152947936,None,1953.046152947936,None,1.0,3.939901367994025,1954.779610919999,None,1953.046152947936,None,1.0,4.445949763990939,1956.5468918409897,None,1953.046152947936,None,space,0.1154326839605346,4.478414004202932,None,1953.046152947936,None,1953.046152947936,None,,,,,,,,,1,2022_Mar_31_1055,SAR-soap,2021.1.2,
125,Trial # 121,Group1-stimuli/group1-block1/real-group1-b1/Group1_IMG_5359.jpg,1,Group1_IMG_5359.jpg,,,,,0.0,120.0,120.0,120.0,,,,,,,,,,,,,,,,,,,,,,,,,,,,,,,,,,,,,1957.680409588036,None,1957.680409588036,None,1957.680409588036,None,3.0,3.235773598891683,1957.680409588036,None,1957.680409588036,None,4.0,5.124378826003522,1960.464285172988,None,1957.680409588036,None,3.0,6.6329840529942885,1962.3652975240257,None,1957.680409588036,None,space,0.2003668679390102,6.662760109291412,None,1957.680409588036,None,1957.680409588036,None,,,,,,,,,1,2022_Mar_31_1055,SAR-soap,2021.1.2,
126,Trial # 122,Group1-stimuli/group1-block1/fake-group2-b1/encoded_Group2_IMG_0304.jpg,0,encoded_Group2_IMG_0304.jpg,,,,,0.0,121.0,121.0,121.0,,,,,,,,,,,,,,,,,,,,,,,,,,,,,,,,,,,,,1964.582372489968,None,1964.582372489968,None,1964.582372489968,None,5.0,1.8960971280466763,1964.582372489968,None,1964.582372489968,None,5.0,3.453834493062459,1966.0326245989413,None,1964.582372489968,None,5.0,5.858829483971931,1967.6009853309952,None,1964.582372489968,None,space,0.553502538939938,5.885297225322574,None,1964.582372489968,None,1964.582372489968,None,,,,,,,,,1,2022_Mar_31_1055,SAR-soap,2021.1.2,
127,Trial # 123,Group1-stimuli/group1-block1/real-group1-b1/Group1_IMG_0306.jpg,1,Group1_IMG_0306.jpg,,,,,0.0,122.0,122.0,122.0,,,,,,,,,,,,,,,,,,,,,,,,,,,,,,,,,,,,,1971.0668990720296,None,1971.0668990720296,None,1971.0668990720296,None,5.0,2.980600511073135,1971.0668990720296,None,1971.0668990720296,None,5.0,3.937598717981018,1973.602701868047,None,1971.0668990720296,None,4.0,5.009564467938617,1974.569282631972,None,1971.0668990720296,None,space,0.4140922450460493,5.037134980084375,None,1971.0668990720296,None,1971.0668990720296,None,,,,,,,,,1,2022_Mar_31_1055,SAR-soap,2021.1.2,
128,Trial # 124,Group1-stimuli/group1-block1/real-group1-b1/Group1_IMG_0224.jpg,1,Group1_IMG_0224.jpg,,,,,0.0,123.0,123.0,123.0,,,,,,,,,,,,,,,,,,,,,,,,,,,,,,,,,,,,,1976.569313719985,None,1976.569313719985,None,1976.569313719985,None,5.0,3.148718762909993,1976.569313719985,None,1976.569313719985,None,5.0,4.238819093094207,1979.2713973689824,None,1976.569313719985,None,3.0,7.511192085919902,1980.370681799948,None,1976.569313719985,None,space,0.1157665690407157,7.539276715135202,None,1976.569313719985,None,1976.569313719985,None,,,,,,,,,1,2022_Mar_31_1055,SAR-soap,2021.1.2,
129,Trial # 125,Group1-stimuli/group1-block1/real-group1-b1/Group1_IMG_9889.jpg,1,Group1_IMG_9889.jpg,,,,,0.0,124.0,124.0,124.0,,,,,,,,,,,,,,,,,,,,,,,,,,,,,,,,,,,,,1984.2887058430351,None,1984.2887058430351,None,1984.2887058430351,None,1.0,2.4288120900746435,1984.2887058430351,None,1984.2887058430351,None,1.0,3.817337271058932,1985.7050552800065,None,1984.2887058430351,None,1.0,7.490124353091232,1987.6570856239407,None,1984.2887058430351,None,space,0.1983207570156082,7.516647088225,None,1984.2887058430351,None,1984.2887058430351,None,,,,,,,,,1,2022_Mar_31_1055,SAR-soap,2021.1.2,
130,Trial # 126,Group1-stimuli/group1-block1/real-group1-b1/Group1_IMG_0293.jpg,1,Group1_IMG_0293.jpg,,,,,0.0,125.0,125.0,125.0,,,,,,,,,,,,,,,,,,,,,,,,,,,,,,,,,,,,,1992.0239875499392,None,1992.0239875499392,None,1992.0239875499392,None,1.0,1.8337278270628303,1992.0239875499392,None,1992.0239875499392,None,1.0,3.57291287695989,1993.4078212670283,None,1992.0239875499392,None,1.0,4.444275274989195,1995.1588294419928,None,1992.0239875499392,None,space,0.2647249910514802,4.475417676032521,None,1992.0239875499392,None,1992.0239875499392,None,,,,,,,,,1,2022_Mar_31_1055,SAR-soap,2021.1.2,
131,Trial # 127,Group1-stimuli/group1-block1/fake-group2-b1/encoded_Group2_IMG_0321.jpg,0,encoded_Group2_IMG_0321.jpg,,,,,0.0,126.0,126.0,126.0,,,,,,,,,,,,,,,,,,,,,,,,,,,,,,,,,,,,,1996.7914307459723,None,1996.7914307459723,None,1996.7914307459723,None,1.0,1.9794357341015711,1996.7914307459723,None,1996.7914307459723,None,1.0,2.6032406269805506,1998.3273289439967,None,1996.7914307459723,None,1.0,3.0400784120429307,1998.960162554984,None,1996.7914307459723,None,space,0.1447836069855839,3.067111872136593,None,1996.7914307459723,None,1996.7914307459723,None,,,,,,,,,1,2022_Mar_31_1055,SAR-soap,2021.1.2,
132,Trial # 128,Group1-stimuli/group1-block1/fake-group2-b1/encoded_Group2_IMG_0400.jpg,0,encoded_Group2_IMG_0400.jpg,,,,,0.0,127.0,127.0,127.0,,,,,,,,,,,,,,,,,,,,,,,,,,,,,,,,,,,,,2000.043220038992,None,2000.043220038992,None,2000.043220038992,None,5.0,3.196088184020482,2000.043220038992,None,2000.043220038992,None,5.0,4.352029448957183,2002.795195330982,None,2000.043220038992,None,3.0,9.026355613023044,2003.962007942028,None,2000.043220038992,None,space,0.2440334470011294,9.053030268405564,None,2000.043220038992,None,2000.043220038992,None,,,,,,,,,1,2022_Mar_31_1055,SAR-soap,2021.1.2,
133,Trial # 129,Group1-stimuli/group1-block1/fake-group2-b1/encoded_Group2_IMG_0443.jpg,0,encoded_Group2_IMG_0443.jpg,,,,,0.0,128.0,128.0,128.0,,,,,,,,,,,,,,,,,,,,,,,,,,,,,,,,,,,,,2009.3963713230328,None,2009.3963713230328,None,2009.3963713230328,None,5.0,3.866074271034449,2009.3963713230328,None,2009.3963713230328,None,5.0,7.438809075043537,2010.7295457229484,None,2009.3963713230328,None,3.0,8.710181960021146,2014.630861141952,None,2009.3963713230328,None,space,0.0565773100825026,8.740915087168105,None,2009.3963713230328,None,2009.3963713230328,None,,,,,,,,,1,2022_Mar_31_1055,SAR-soap,2021.1.2,
134,Trial # 130,Group1-stimuli/group1-block1/fake-group2-b1/encoded_Group2_IMG_0542.jpg,0,encoded_Group2_IMG_0542.jpg,,,,,0.0,129.0,129.0,129.0,,,,,,,,,,,,,,,,,,,,,,,,,,,,,,,,,,,,,2018.2163154110312,None,2018.2163154110312,None,2018.2163154110312,None,1.0,2.179295075009577,2018.2163154110312,None,2018.2163154110312,None,1.0,2.602483290946111,2019.950112586026,None,2018.2163154110312,None,1.0,3.139410675968975,2020.3831768670352,None,2018.2163154110312,None,space,0.1490908520063385,3.168699820409529,None,2018.2163154110312,None,2018.2163154110312,None,,,,,,,,,1,2022_Mar_31_1055,SAR-soap,2021.1.2,
135,Trial # 131,Group1-stimuli/group1-block1/real-group1-b1/Group1_IMG_0885.jpg,1,Group1_IMG_0885.jpg,,,,,0.0,130.0,130.0,130.0,,,,,,,,,,,,,,,,,,,,,,,,,,,,,,,,,,,,,2021.582306928933,None,2021.582306928933,None,2021.582306928933,None,5.0,4.24824982706923,2021.582306928933,None,2021.582306928933,None,7.0,5.970787489088252,2025.384957495029,None,2021.582306928933,None,7.0,6.644257102045231,2027.1179916940164,None,2021.582306928933,None,space,0.2086534709669649,6.673353326157667,None,2021.582306928933,None,2021.582306928933,None,,,,,,,,,1,2022_Mar_31_1055,SAR-soap,2021.1.2,
136,Trial # 132,Group1-stimuli/group1-block1/real-group1-b1/Group1_IMG_0375.jpg,1,Group1_IMG_0375.jpg,,,,,0.0,131.0,131.0,131.0,,,,,,,,,,,,,,,,,,,,,,,,,,,,,,,,,,,,,2028.5186151299856,None,2028.5186151299856,None,2028.5186151299856,None,1.0,7.243925012997352,2028.5186151299856,None,2028.5186151299856,None,1.0,7.566931060981005,2035.3038749860127,None,2028.5186151299856,None,1.0,8.105566014070064,2035.638025474036,None,2028.5186151299856,None,space,7.511175589985214,8.12994573742617,None,2028.5186151299856,None,2028.5186151299856,None,,,,,,,,,1,2022_Mar_31_1055,SAR-soap,2021.1.2,
137,Trial # 133,Group1-stimuli/group1-block1/fake-group2-b1/encoded_Group2_IMG_7351.jpg,0,encoded_Group2_IMG_7351.jpg,,,,,0.0,132.0,132.0,132.0,,,,,,,,,,,,,,,,,,,,,,,,,,,,,,,,,,,,,2044.2072451190325,None,2044.2072451190325,None,2044.2072451190325,None,5.0,2.136265769018792,2044.2072451190325,None,2044.2072451190325,None,5.0,6.925994610995986,2045.8908178060085,None,2044.2072451190325,None,5.0,8.899375297012739,2050.691962654935,None,2044.2072451190325,None,space,0.4615501679945737,8.933096451102756,None,2044.2072451190325,None,2044.2072451190325,None,,,,,,,,,1,2022_Mar_31_1055,SAR-soap,2021.1.2,
138,Trial # 134,Group1-stimuli/group1-block1/fake-group2-b1/encoded_Group2_IMG_0416.jpg,0,encoded_Group2_IMG_0416.jpg,,,,,0.0,133.0,133.0,133.0,,,,,,,,,,,,,,,,,,,,,,,,,,,,,,,,,,,,,2053.626925382996,None,2053.626925382996,None,2053.626925382996,None,5.0,4.480433949967846,2053.626925382996,None,2053.626925382996,None,4.0,8.819652267033234,2057.662277173018,None,2053.626925382996,None,2.0,10.059684917097911,2062.011997426045,None,2053.626925382996,None,space,0.131939650978893,10.087449567159638,None,2053.626925382996,None,2053.626925382996,None,,,,,,,,,1,2022_Mar_31_1055,SAR-soap,2021.1.2,
139,Trial # 135,Group1-stimuli/group1-block1/fake-group2-b1/encoded_Group2_IMG_0139.jpg,0,encoded_Group2_IMG_0139.jpg,,,,,0.0,134.0,134.0,134.0,,,,,,,,,,,,,,,,,,,,,,,,,,,,,,,,,,,,,2063.8629512169864,None,2063.8629512169864,None,2063.8629512169864,None,1.0,7.715497107012197,2063.8629512169864,None,2063.8629512169864,None,1.0,10.122521296027116,2065.9139696389902,None,2063.8629512169864,None,1.0,10.661020540981552,2073.5502638419857,None,2063.8629512169864,None,space,0.0390733700478449,10.688761977478862,None,2063.8629512169864,None,2063.8629512169864,None,,,,,,,,,1,2022_Mar_31_1055,SAR-soap,2021.1.2,
140,Trial # 136,Group1-stimuli/group1-block1/real-group1-b1/Group1_IMG_9677.jpg,1,Group1_IMG_9677.jpg,,,,,0.0,135.0,135.0,135.0,,,,,,,,,,,,,,,,,,,,,,,,,,,,,,,,,,,,,2074.6663817389635,None,2074.6663817389635,None,2074.6663817389635,None,2.0,2.006041234009899,2074.6663817389635,None,2074.6663817389635,None,1.0,2.396650796988979,2076.2163665159605,None,2074.6663817389635,None,1.0,2.834481304977089,2076.616374657024,None,2074.6663817389635,None,space,0.1682115559233352,2.8565407721325755,None,2074.6663817389635,None,2074.6663817389635,None,,,,,,,,,1,2022_Mar_31_1055,SAR-soap,2021.1.2,
141,Trial # 137,Group1-stimuli/group1-block1/fake-group2-b1/encoded_Group2_IMG_5982.jpg,0,encoded_Group2_IMG_5982.jpg,,,,,0.0,136.0,136.0,136.0,,,,,,,,,,,,,,,,,,,,,,,,,,,,,,,,,,,,,2077.7338831259403,None,2077.7338831259403,None,2077.7338831259403,None,1.0,2.046781515935436,2077.7338831259403,None,2077.7338831259403,None,1.0,2.46937740710564,2079.3346214200137,None,2077.7338831259403,None,1.0,3.0752270240336657,2079.7681765180314,None,2077.7338831259403,None,space,0.1863030979875475,3.1004344114335254,None,2077.7338831259403,None,2077.7338831259403,None,,,,,,,,,1,2022_Mar_31_1055,SAR-soap,2021.1.2,
142,Trial # 138,Group1-stimuli/group1-block1/fake-group2-b1/encoded_Group2_IMG_1144.jpg,0,encoded_Group2_IMG_1144.jpg,,,,,0.0,137.0,137.0,137.0,,,,,,,,,,,,,,,,,,,,,,,,,,,,,,,,,,,,,2081.068389210035,None,2081.068389210035,None,2081.068389210035,None,5.0,1.6278496390441433,2081.068389210035,None,2081.068389210035,None,7.0,3.818396049086005,2082.2352681390475,None,2081.068389210035,None,6.0,5.422522438922897,2084.43575625401,None,2081.068389210035,None,space,1.050590233062394,4.517075159470551,None,2081.068389210035,None,2081.068389210035,None,,,,,,,,,1,2022_Mar_31_1055,SAR-soap,2021.1.2,
143,Trial # 139,Group1-stimuli/group1-block1/fake-group2-b1/encoded_Group2_IMG_0315.jpg,0,encoded_Group2_IMG_0315.jpg,,,,,0.0,138.0,138.0,138.0,,,,,,,,,,,,,,,,,,,,,,,,,,,,,,,,,,,,,2086.6526553860167,None,2086.6526553860167,None,2086.6526553860167,None,1.0,1.7967516670469197,2086.6526553860167,None,2086.6526553860167,None,2.0,3.6537153649842367,2088.004955478013,None,2086.6526553860167,None,1.0,4.291823426960036,2089.870819265023,None,2086.6526553860167,None,space,0.1936528040096163,4.319741496467032,None,2086.6526553860167,None,2086.6526553860167,None,,,,,,,,,1,2022_Mar_31_1055,SAR-soap,2021.1.2,
144,Trial # 140,Group1-stimuli/group1-block1/real-group1-b1/Group1_IMG_130.jpg,1,Group1_IMG_130.jpg,,,,,0.0,139.0,139.0,139.0,,,,,,,,,,,,,,,,,,,,,,,,,,,,,,,,,,,,,2091.2047788749915,None,2091.2047788749915,None,2091.2047788749915,None,5.0,2.1703173810383305,2091.2047788749915,None,2091.2047788749915,None,5.0,4.827283373917453,2092.9229551219614,None,2091.2047788749915,None,5.0,5.797579528996721,2095.5892256980296,None,2091.2047788749915,None,space,0.157838519080542,5.83223005826585,None,2091.2047788749915,None,2091.2047788749915,None,,,,,,,,,1,2022_Mar_31_1055,SAR-soap,2021.1.2,
145,Trial # 141,Group1-stimuli/group1-block1/real-group1-b1/Group1_IMG_0024.jpg,1,Group1_IMG_0024.jpg,,,,,0.0,140.0,140.0,140.0,,,,,,,,,,,,,,,,,,,,,,,,,,,,,,,,,,,,,2097.222601313028,None,2097.222601313028,None,2097.222601313028,None,5.0,3.2273062641033903,2097.222601313028,None,2097.222601313028,None,6.0,5.182857938925736,2099.990818124032,None,2097.222601313028,None,7.0,5.855086797964759,2101.9578204109566,None,2097.222601313028,None,space,0.127777767018415,5.88081072748173,None,2097.222601313028,None,2097.222601313028,None,,,,,,,,,1,2022_Mar_31_1055,SAR-soap,2021.1.2,
146,Trial # 142,Group1-stimuli/group1-block1/fake-group2-b1/encoded_Group2_IMG_5012.jpg,0,encoded_Group2_IMG_5012.jpg,,,,,0.0,141.0,141.0,141.0,,,,,,,,,,,,,,,,,,,,,,,,,,,,,,,,,,,,,2103.258547845995,None,2103.258547845995,None,2103.258547845995,None,4.0,2.58461179304868,2103.258547845995,None,2103.258547845995,None,4.0,5.508555926964618,2105.3923062719405,None,2103.258547845995,None,4.0,7.115836390061304,2108.326909921947,None,2103.258547845995,None,space,0.1545065270038321,7.147907571168616,None,2103.258547845995,None,2103.258547845995,None,,,,,,,,,1,2022_Mar_31_1055,SAR-soap,2021.1.2,
147,Trial # 143,Group1-stimuli/group1-block1/fake-group2-b1/encoded_Group2_IMG_0209.jpg,0,encoded_Group2_IMG_0209.jpg,,,,,0.0,142.0,142.0,142.0,,,,,,,,,,,,,,,,,,,,,,,,,,,,,,,,,,,,,2110.5776081730146,None,2110.5776081730146,None,2110.5776081730146,None,1.0,1.646749143023044,2110.5776081730146,None,2110.5776081730146,None,1.0,2.27004950796254,2111.7780758199515,None,2110.5776081730146,None,1.0,2.8087228239746764,2112.411378861987,None,2110.5776081730146,None,space,0.1769979359814897,2.8356378704775125,None,2110.5776081730146,None,2110.5776081730146,None,,,,,,,,,1,2022_Mar_31_1055,SAR-soap,2021.1.2,
148,Trial # 144,Group1-stimuli/group1-block1/real-group1-b1/Group1_IMG_0373.jpg,1,Group1_IMG_0373.jpg,,,,,0.0,143.0,143.0,143.0,,,,,,,,,,,,,,,,,,,,,,,,,,,,,,,,,,,,,2113.6448106350144,None,2113.6448106350144,None,2113.6448106350144,None,1.0,1.946100870030932,2113.6448106350144,None,2113.6448106350144,None,1.0,2.401783181005157,2115.146383504034,None,2113.6448106350144,None,1.0,2.9738801940111443,2115.6127934809774,None,2113.6448106350144,None,space,0.1821308959042653,3.001882759272121,None,2113.6448106350144,None,2113.6448106350144,None,,,,,,,,,1,2022_Mar_31_1055,SAR-soap,2021.1.2,
149,Trial # 145,Group1-stimuli/group1-block1/real-group1-b1/Group1_IMG_5899.jpg,1,Group1_IMG_5899.jpg,,,,,0.0,144.0,144.0,144.0,,,,,,,,,,,,,,,,,,,,,,,,,,,,,,,,,,,,,2116.879053568933,None,2116.879053568933,None,2116.879053568933,None,1.0,1.5684683399740609,2116.879053568933,None,2116.879053568933,None,1.0,2.0576013809768483,2117.996842633933,None,2116.879053568933,None,1.0,2.529736375086941,2118.4968034810154,None,2116.879053568933,None,space,0.1017688530264422,2.561468764091842,None,2116.879053568933,None,2116.879053568933,None,,,,,,,,,1,2022_Mar_31_1055,SAR-soap,2021.1.2,
150,Trial # 146,Group1-stimuli/group1-block1/real-group1-b1/Group1_IMG_0162.jpg,1,Group1_IMG_0162.jpg,,,,,0.0,145.0,145.0,145.0,,,,,,,,,,,,,,,,,,,,,,,,,,,,,,,,,,,,,2119.6139311100123,None,2119.6139311100123,None,2119.6139311100123,None,5.0,5.259502345928922,2119.6139311100123,None,2119.6139311100123,None,7.0,7.44855758396443,2124.4154444979504,None,2119.6139311100123,None,6.0,9.087696013972163,2126.615013670991,None,2119.6139311100123,None,space,0.2150730390567332,9.112678356119432,None,2119.6139311100123,None,2119.6139311100123,None,,,,,,,,,1,2022_Mar_31_1055,SAR-soap,2021.1.2,
151,Trial # 147,Group1-stimuli/group1-block1/real-group1-b1/Group1_IMG_0543.jpg,1,Group1_IMG_0543.jpg,,,,,0.0,146.0,146.0,146.0,,,,,,,,,,,,,,,,,,,,,,,,,,,,,,,,,,,,,2128.967294558999,None,2128.967294558999,None,2128.967294558999,None,1.0,2.1373797591077164,2128.967294558999,None,2128.967294558999,None,2.0,3.1927705199923366,2130.666782125016,None,2128.967294558999,None,1.0,4.131728275096975,2131.733712185989,None,2128.967294558999,None,space,0.2462524779839441,4.166700438130647,None,2128.967294558999,None,2128.967294558999,None,,,,,,,,,1,2022_Mar_31_1055,SAR-soap,2021.1.2,
152,Trial # 148,Group1-stimuli/group1-block1/fake-group2-b1/encoded_Group2_IMG_0355.jpg,0,encoded_Group2_IMG_0355.jpg,,,,,0.0,147.0,147.0,147.0,,,,,,,,,,,,,,,,,,,,,,,,,,,,,,,,,,,,,2133.501893201028,None,2133.501893201028,None,2133.501893201028,None,1.0,2.3276413020212203,2133.501893201028,None,2133.501893201028,None,1.0,3.5162963869515806,2135.368268072023,None,2133.501893201028,None,1.0,4.42435159208253,2136.567987935967,None,2133.501893201028,None,space,0.4999797479249537,4.449753165128641,None,2133.501893201028,None,2133.501893201028,None,,,,,,,,,1,2022_Mar_31_1055,SAR-soap,2021.1.2,
153,Trial # 149,Group1-stimuli/group1-block1/real-group1-b1/Group1_IMG_9765.jpg,1,Group1_IMG_9765.jpg,,,,,0.0,148.0,148.0,148.0,,,,,,,,,,,,,,,,,,,,,,,,,,,,,,,,,,,,,2138.5037107160315,None,2138.5037107160315,None,2138.5037107160315,None,5.0,15.55217757204082,2138.5037107160315,None,2138.5037107160315,None,4.0,17.423518904019147,2153.608739275951,None,2138.5037107160315,None,4.0,20.264929838012904,2155.491003038944,None,2138.5037107160315,None,space,0.2919076490215957,20.292866149102338,None,2138.5037107160315,None,2138.5037107160315,None,,,,,,,,,1,2022_Mar_31_1055,SAR-soap,2021.1.2,
154,Trial # 150,Group1-stimuli/group1-block1/fake-group2-b1/encoded_Group2_IMG_1378.jpg,0,encoded_Group2_IMG_1378.jpg,,,,,0.0,149.0,149.0,149.0,,,,,,,,,,,,,,,,,,,,,,,,,,,,,,,,,,,,,2159.109738725936,None,2159.109738725936,None,2159.109738725936,None,5.0,3.096225981018506,2159.109738725936,None,2159.109738725936,None,5.0,4.419753700960428,2161.759904930019,None,2159.109738725936,None,6.0,5.391796676092781,2163.0942198709818,None,2159.109738725936,None,space,0.1163410180015489,5.419896084466018,None,2159.109738725936,None,2159.109738725936,None,,,,,,,,,1,2022_Mar_31_1055,SAR-soap,2021.1.2,
155,Trial # 1,Group1-stimuli/group1-block2/fake-group2-b2/encoded_Group2_IMG_0155.jpg,0,encoded_Group2_IMG_0155.jpg,,,,,,,,,0.0,0.0,0.0,0.0,,,,,,,,,,,,,,,,,,,,,,,,,,,,,,,,,2325.326526951976,None,2325.326526951976,None,2325.326526951976,None,5.0,11.395468699978665,2325.326526951976,None,2325.326526951976,None,5.0,12.233759220922366,2336.263579810038,None,2325.326526951976,None,4.0,13.57397329097148,2337.113857437973,None,2325.326526951976,None,space,0.1372357479995116,13.597341858432628,None,2325.326526951976,None,2325.326526951976,None,2315.5404158820165,None,2315.5404158820165,None,2315.5404158820165,None,2164.178178505972,None,1,2022_Mar_31_1055,SAR-soap,2021.1.2,
156,Trial # 2,Group1-stimuli/group1-block2/real-group1-b2/Group1_IMG_0519.jpg,1,Group1_IMG_0519.jpg,,,,,,,,,0.0,1.0,1.0,1.0,,,,,,,,,,,,,,,,,,,,,,,,,,,,,,,,,2339.131116940989,None,2339.131116940989,None,2339.131116940989,None,5.0,1.8734898529946804,2339.131116940989,None,2339.131116940989,None,7.0,3.2298807270126417,2340.5483339569764,None,2339.131116940989,None,5.0,4.703223873977549,2341.448289504042,None,2339.131116940989,None,space,0.1147967230062931,4.725941589102149,None,2339.131116940989,None,2339.131116940989,None,,,,,,,,,1,2022_Mar_31_1055,SAR-soap,2021.1.2,
157,Trial # 3,Group1-stimuli/group1-block2/fake-group2-b2/encoded_Group2_IMG_0135.jpg,0,encoded_Group2_IMG_0135.jpg,,,,,,,,,0.0,2.0,2.0,2.0,,,,,,,,,,,,,,,,,,,,,,,,,,,,,,,,,2344.0164840209763,None,2344.0164840209763,None,2344.0164840209763,None,1.0,1.4461811250075698,2344.0164840209763,None,2344.0164840209763,None,1.0,2.036120163043961,2345.0164006699342,None,2344.0164840209763,None,1.0,2.607738125021569,2345.6162203300046,None,2344.0164840209763,None,space,0.1229559490457177,2.6365853880997747,None,2344.0164840209763,None,2344.0164840209763,None,,,,,,,,,1,2022_Mar_31_1055,SAR-soap,2021.1.2,
158,Trial # 4,Group1-stimuli/group1-block2/real-group1-b2/Group1_IMG_5310.jpg,1,Group1_IMG_5310.jpg,,,,,,,,,0.0,3.0,3.0,3.0,,,,,,,,,,,,,,,,,,,,,,,,,,,,,,,,,2346.8167138849385,None,2346.8167138849385,None,2346.8167138849385,None,5.0,30.337671397952363,2346.8167138849385,None,2346.8167138849385,None,7.0,33.91124556097202,2376.710222966969,None,2346.8167138849385,None,7.0,34.550282996031456,2379.326651584008,None,2346.8167138849385,None,space,0.4667774230474606,34.57696924509946,None,2346.8167138849385,None,2346.8167138849385,None,,,,,,,,,1,2022_Mar_31_1055,SAR-soap,2021.1.2,
159,Trial # 5,Group1-stimuli/group1-block2/real-group1-b2/Group1_IMG_0522.jpg,1,Group1_IMG_0522.jpg,,,,,,,,,0.0,4.0,4.0,4.0,,,,,,,,,,,,,,,,,,,,,,,,,,,,,,,,,2381.9101432979805,None,2381.9101432979805,None,2381.9101432979805,None,5.0,1.848073287983425,2381.9101432979805,None,2381.9101432979805,None,6.0,3.33733852498699,2383.312784862006,None,2381.9101432979805,None,4.0,4.142456933041103,2384.8114194039954,None,2381.9101432979805,None,space,0.7971473609795794,4.1709399408428,None,2381.9101432979805,None,2381.9101432979805,None,,,,,,,,,1,2022_Mar_31_1055,SAR-soap,2021.1.2,
160,Trial # 6,Group1-stimuli/group1-block2/fake-group2-b2/encoded_Group2_IMG_0484.jpg,0,encoded_Group2_IMG_0484.jpg,,,,,,,,,0.0,5.0,5.0,5.0,,,,,,,,,,,,,,,,,,,,,,,,,,,,,,,,,2386.912462348002,None,2386.912462348002,None,2386.912462348002,None,1.0,2.3509462039219216,2386.912462348002,None,2386.912462348002,None,1.0,2.9070267799543217,2388.813594570034,None,2386.912462348002,None,1.0,3.411793645005673,2389.380870064022,None,2386.912462348002,None,space,0.1936450549401343,3.443071424262598,None,2386.912462348002,None,2386.912462348002,None,,,,,,,,,1,2022_Mar_31_1055,SAR-soap,2021.1.2,
161,Trial # 7,Group1-stimuli/group1-block2/fake-group2-b2/encoded_Group2_IMG_5948.jpg,0,encoded_Group2_IMG_5948.jpg,,,,,,,,,0.0,6.0,6.0,6.0,,,,,,,,,,,,,,,,,,,,,,,,,,,,,,,,,2390.5642411779845,None,2390.5642411779845,None,2390.5642411779845,None,1.0,13.067538395989686,2390.5642411779845,None,2390.5642411779845,None,1.0,13.956763281021267,2403.185886110994,None,2390.5642411779845,None,1.0,14.42891352798324,2404.0847122760024,None,2390.5642411779845,None,space,0.585589966038242,14.45705361943692,None,2390.5642411779845,None,2390.5642411779845,None,,,,,,,,,1,2022_Mar_31_1055,SAR-soap,2021.1.2,
162,Trial # 8,Group1-stimuli/group1-block2/fake-group2-b2/encoded_Group2_IMG_3591.jpg,0,encoded_Group2_IMG_3591.jpg,,,,,,,,,0.0,7.0,7.0,7.0,,,,,,,,,,,,,,,,,,,,,,,,,,,,,,,,,2405.6683737490093,None,2405.6683737490093,None,2405.6683737490093,None,1.0,1.7168879229575396,2405.6683737490093,None,2405.6683737490093,None,1.0,2.373224879964255,2406.935751097044,None,2405.6683737490093,None,1.0,2.711579767987132,2407.602513805963,None,2405.6683737490093,None,space,0.2089181009214371,2.7448434388497844,None,2405.6683737490093,None,2405.6683737490093,None,,,,,,,,,1,2022_Mar_31_1055,SAR-soap,2021.1.2,
163,Trial # 9,Group1-stimuli/group1-block2/real-group1-b2/Group1_IMG_9835.jpg,1,Group1_IMG_9835.jpg,,,,,,,,,0.0,8.0,8.0,8.0,,,,,,,,,,,,,,,,,,,,,,,,,,,,,,,,,2408.6700005759485,None,2408.6700005759485,None,2408.6700005759485,None,1.0,1.4721237819176167,2408.6700005759485,None,2408.6700005759485,None,1.0,2.1291584480786696,2409.68720215396,None,2408.6700005759485,None,1.0,2.7659351160982624,2410.3536484179785,None,2408.6700005759485,None,space,0.2153736529871821,2.7885625325143337,None,2408.6700005759485,None,2408.6700005759485,None,,,,,,,,,1,2022_Mar_31_1055,SAR-soap,2021.1.2,
164,Trial # 10,Group1-stimuli/group1-block2/real-group1-b2/Group1_IMG_0556.jpg,1,Group1_IMG_0556.jpg,,,,,,,,,0.0,9.0,9.0,9.0,,,,,,,,,,,,,,,,,,,,,,,,,,,,,,,,,2411.720107111032,None,2411.720107111032,None,2411.720107111032,None,1.0,1.477017343044281,2411.720107111032,None,2411.720107111032,None,1.0,1.966915620025248,2412.738562091952,None,2411.720107111032,None,1.0,2.405916881049052,2413.23798427498,None,2411.720107111032,None,space,0.0666812208946794,2.429997361265123,None,2411.720107111032,None,2411.720107111032,None,,,,,,,,,1,2022_Mar_31_1055,SAR-soap,2021.1.2,
165,Trial # 11,Group1-stimuli/group1-block2/fake-group2-b2/encoded_Group2_IMG_9736.jpg,0,encoded_Group2_IMG_9736.jpg,,,,,,,,,0.0,10.0,10.0,10.0,,,,,,,,,,,,,,,,,,,,,,,,,,,,,,,,,2414.2709292350337,None,2414.2709292350337,None,2414.2709292350337,None,5.0,1.69501563499216,2414.2709292350337,None,2414.2709292350337,None,6.0,5.452966182958335,2415.52226576698,None,2414.2709292350337,None,6.0,6.3916220179526135,2419.289612905937,None,2414.2709292350337,None,space,0.2031414770754054,6.418347504222766,None,2414.2709292350337,None,2414.2709292350337,None,,,,,,,,,1,2022_Mar_31_1055,SAR-soap,2021.1.2,
166,Trial # 12,Group1-stimuli/group1-block2/real-group1-b2/Group1_IMG_9867.jpg,1,Group1_IMG_9867.jpg,,,,,,,,,0.0,11.0,11.0,11.0,,,,,,,,,,,,,,,,,,,,,,,,,,,,,,,,,2420.9562907399377,None,2420.9562907399377,None,2420.9562907399377,None,1.0,1.9857414650032297,2420.9562907399377,None,2420.9562907399377,None,1.0,2.475573371979408,2422.491356004961,None,2420.9562907399377,None,1.0,3.548053434002213,2422.990983000025,None,2420.9562907399377,None,space,0.1843274070415645,3.580474055139348,None,2420.9562907399377,None,2420.9562907399377,None,,,,,,,,,1,2022_Mar_31_1055,SAR-soap,2021.1.2,
167,Trial # 13,Group1-stimuli/group1-block2/fake-group2-b2/encoded_Group2_IMG_9886.jpg,0,encoded_Group2_IMG_9886.jpg,,,,,,,,,0.0,12.0,12.0,12.0,,,,,,,,,,,,,,,,,,,,,,,,,,,,,,,,,2424.7582609410165,None,2424.7582609410165,None,2424.7582609410165,None,1.0,1.5408922230126336,2424.7582609410165,None,2424.7582609410165,None,1.0,2.463041367009282,2425.8412770100404,None,2424.7582609410165,None,1.0,2.9025245180819184,2426.774977730005,None,2424.7582609410165,None,space,0.1220316310646012,2.9260888235876337,None,2424.7582609410165,None,2424.7582609410165,None,,,,,,,,,1,2022_Mar_31_1055,SAR-soap,2021.1.2,
168,Trial # 14,Group1-stimuli/group1-block2/fake-group2-b2/encoded_Group2_IMG_2245.jpg,0,encoded_Group2_IMG_2245.jpg,,,,,,,,,0.0,13.0,13.0,13.0,,,,,,,,,,,,,,,,,,,,,,,,,,,,,,,,,2427.842079191003,None,2427.842079191003,None,2427.842079191003,None,4.0,2.959877167013474,2427.842079191003,None,2427.842079191003,None,5.0,4.581594156916253,2430.3425632510334,None,2427.842079191003,None,7.0,5.821475399076007,2431.9758812120417,None,2427.842079191003,None,space,0.0787334019551053,5.847202589269728,None,2427.842079191003,None,2427.842079191003,None,,,,,,,,,1,2022_Mar_31_1055,SAR-soap,2021.1.2,
169,Trial # 15,Group1-stimuli/group1-block2/fake-group2-b2/encoded_Group2_IMG_0507.jpg,0,encoded_Group2_IMG_0507.jpg,,,,,,,,,0.0,14.0,14.0,14.0,,,,,,,,,,,,,,,,,,,,,,,,,,,,,,,,,2433.810962368036,None,2433.810962368036,None,2433.810962368036,None,5.0,3.2339396929601207,2433.810962368036,None,2433.810962368036,None,6.0,5.056999166961759,2436.594627526938,None,2433.810962368036,None,6.0,5.962439259048551,2438.4295997680165,None,2433.810962368036,None,space,0.1846600729040801,5.992579981102608,None,2433.810962368036,None,2433.810962368036,None,,,,,,,,,1,2022_Mar_31_1055,SAR-soap,2021.1.2,
170,Trial # 16,Group1-stimuli/group1-block2/fake-group2-b2/encoded_Group2_IMG_0338.jpg,0,encoded_Group2_IMG_0338.jpg,,,,,,,,,0.0,15.0,15.0,15.0,,,,,,,,,,,,,,,,,,,,,,,,,,,,,,,,,2440.0125815540086,None,2440.0125815540086,None,2440.0125815540086,None,1.0,1.712510987999849,2440.0125815540086,None,2440.0125815540086,None,1.0,2.202850190922618,2441.2791784639703,None,2440.0125815540086,None,1.0,2.5745572079904377,2441.778986954945,None,2440.0125815540086,None,space,0.2003144760383293,2.6010477234376594,None,2440.0125815540086,None,2440.0125815540086,None,,,,,,,,,1,2022_Mar_31_1055,SAR-soap,2021.1.2,
171,Trial # 17,Group1-stimuli/group1-block2/real-group1-b2/Group1_IMG_0376.jpg,1,Group1_IMG_0376.jpg,,,,,,,,,0.0,16.0,16.0,16.0,,,,,,,,,,,,,,,,,,,,,,,,,,,,,,,,,2442.897177970037,None,2442.897177970037,None,2442.897177970037,None,1.0,1.4775695210555568,2442.897177970037,None,2442.897177970037,None,1.0,1.866467330022715,2443.913836524007,None,2442.897177970037,None,1.0,2.4709004390751943,2444.314614049974,None,2442.897177970037,None,space,0.1030999759677797,2.497808000189252,None,2442.897177970037,None,2442.897177970037,None,,,,,,,,,1,2022_Mar_31_1055,SAR-soap,2021.1.2,
172,Trial # 18,Group1-stimuli/group1-block2/real-group1-b2/Group1_IMG_9821.jpg,1,Group1_IMG_9821.jpg,,,,,,,,,0.0,17.0,17.0,17.0,,,,,,,,,,,,,,,,,,,,,,,,,,,,,,,,,2445.5470160749974,None,2445.5470160749974,None,2445.5470160749974,None,1.0,1.5455130930058658,2445.5470160749974,None,2445.5470160749974,None,1.0,1.9346767839742824,2446.64755842404,None,2445.5470160749974,None,1.0,2.4740858250297606,2447.048359745997,None,2445.5470160749974,None,space,0.1074470679741352,2.5014109540497884,None,2445.5470160749974,None,2445.5470160749974,None,,,,,,,,,1,2022_Mar_31_1055,SAR-soap,2021.1.2,
173,Trial # 19,Group1-stimuli/group1-block2/fake-group2-b2/encoded_Group2_IMG_0388.jpg,0,encoded_Group2_IMG_0388.jpg,,,,,,,,,0.0,18.0,18.0,18.0,,,,,,,,,,,,,,,,,,,,,,,,,,,,,,,,,2448.215733804041,None,2448.215733804041,None,2448.215733804041,None,5.0,2.283026207936928,2448.215733804041,None,2448.215733804041,None,5.0,3.338361219037324,2450.0497687229654,None,2448.215733804041,None,6.0,7.478194408933632,2451.1160123139853,None,2448.215733804041,None,space,0.0958408940350636,7.509167241048999,None,2448.215733804041,None,2448.215733804041,None,,,,,,,,,1,2022_Mar_31_1055,SAR-soap,2021.1.2,
174,Trial # 20,Group1-stimuli/group1-block2/fake-group2-b2/encoded_Group2_IMG_0222.jpg,0,encoded_Group2_IMG_0222.jpg,,,,,,,,,0.0,19.0,19.0,19.0,,,,,,,,,,,,,,,,,,,,,,,,,,,,,,,,,2455.8501705420204,None,2455.8501705420204,None,2455.8501705420204,None,5.0,17.18898157600779,2455.8501705420204,None,2455.8501705420204,None,5.0,18.71087918896228,2470.7387581979856,None,2455.8501705420204,None,4.0,19.88282736891415,2474.1228100520093,None,2455.8501705420204,None,space,0.3600554990116507,19.91304608411156,None,2455.8501705420204,None,2455.8501705420204,None,,,,,,,,,1,2022_Mar_31_1055,SAR-soap,2021.1.2,
175,Trial # 21,Group1-stimuli/group1-block2/fake-group2-b2/encoded_Group2_IMG_2215.jpg,0,encoded_Group2_IMG_2215.jpg,,,,,,,,,0.0,20.0,20.0,20.0,,,,,,,,,,,,,,,,,,,,,,,,,,,,,,,,,2476.156759639969,None,2476.156759639969,None,2476.156759639969,None,2.0,2.108925248030573,2476.156759639969,None,2476.156759639969,None,3.0,4.482633198960684,2477.808026743005,None,2476.156759639969,None,3.0,6.587002661079168,2480.1922429309925,None,2476.156759639969,None,space,0.6995035930303857,6.077425026567653,None,2476.156759639969,None,2476.156759639969,None,,,,,,,,,1,2022_Mar_31_1055,SAR-soap,2021.1.2,
176,Trial # 22,Group1-stimuli/group1-block2/real-group1-b2/Group1_IMG_9760.jpg,1,Group1_IMG_9760.jpg,,,,,,,,,0.0,21.0,21.0,21.0,,,,,,,,,,,,,,,,,,,,,,,,,,,,,,,,,2482.9423209209926,None,2482.9423209209926,None,2482.9423209209926,None,5.0,3.1203242640476674,2482.9423209209926,None,2482.9423209209926,None,5.0,3.6426176950335503,2485.626418355037,None,2482.9423209209926,None,4.0,5.082995790988207,2486.1601137339603,None,2482.9423209209926,None,space,0.1281580020440742,5.117705059121363,None,2482.9423209209926,None,2482.9423209209926,None,,,,,,,,,1,2022_Mar_31_1055,SAR-soap,2021.1.2,
177,Trial # 23,Group1-stimuli/group1-block2/real-group1-b2/Group1_IMG_9897.jpg,1,Group1_IMG_9897.jpg,,,,,,,,,0.0,22.0,22.0,22.0,,,,,,,,,,,,,,,,,,,,,,,,,,,,,,,,,2488.228000542964,None,2488.228000542964,None,2488.228000542964,None,1.0,4.363376214983873,2488.228000542964,None,2488.228000542964,None,1.0,4.720237929024734,2492.145306127029,None,2488.228000542964,None,1.0,5.260199070908129,2492.512208131957,None,2488.228000542964,None,space,0.0997487320564687,5.288016083068214,None,2488.228000542964,None,2488.228000542964,None,,,,,,,,,1,2022_Mar_31_1055,SAR-soap,2021.1.2,
178,Trial # 24,Group1-stimuli/group1-block2/real-group1-b2/Group1_IMG_4250.jpg,1,Group1_IMG_4250.jpg,,,,,,,,,0.0,23.0,23.0,23.0,,,,,,,,,,,,,,,,,,,,,,,,,,,,,,,,,2493.6459257450188,None,2493.6459257450188,None,2493.6459257450188,None,7.0,14.232640568050556,2493.6459257450188,None,2493.6459257450188,None,6.0,16.705640563042834,2506.782816485036,None,2493.6459257450188,None,3.0,17.512548036989756,2509.9180346539943,None,2493.6459257450188,None,space,0.1399248959496617,17.539301485056058,None,2493.6459257450188,None,2493.6459257450188,None,,,,,,,,,1,2022_Mar_31_1055,SAR-soap,2021.1.2,
179,Trial # 25,Group1-stimuli/group1-block2/real-group1-b2/Group1_IMG_2244.jpg,1,Group1_IMG_2244.jpg,,,,,,,,,0.0,24.0,24.0,24.0,,,,,,,,,,,,,,,,,,,,,,,,,,,,,,,,,2511.38387675595,None,2511.38387675595,None,2511.38387675595,None,5.0,2.347824174910784,2511.38387675595,None,2511.38387675595,None,5.0,4.169973351061344,2513.2862777010305,None,2511.38387675595,None,7.0,5.208891947986558,2515.1192713039927,None,2511.38387675595,None,space,0.1375913460506126,5.236329824081622,None,2511.38387675595,None,2511.38387675595,None,,,,,,,,,1,2022_Mar_31_1055,SAR-soap,2021.1.2,
180,Trial # 26,Group1-stimuli/group1-block2/fake-group2-b2/encoded_Group2_IMG_0501.jpg,0,encoded_Group2_IMG_0501.jpg,,,,,,,,,0.0,25.0,25.0,25.0,,,,,,,,,,,,,,,,,,,,,,,,,,,,,,,,,2516.81975373195,None,2516.81975373195,None,2516.81975373195,None,5.0,2.444205079926178,2516.81975373195,None,2516.81975373195,None,5.0,3.5335949729196727,2518.8047818850027,None,2516.81975373195,None,7.0,4.504903995082714,2519.9044888779754,None,2516.81975373195,None,space,0.2676758639281615,4.527933763456531,None,2516.81975373195,None,2516.81975373195,None,,,,,,,,,1,2022_Mar_31_1055,SAR-soap,2021.1.2,
181,Trial # 27,Group1-stimuli/group1-block2/real-group1-b2/Group1_IMG_9684.jpg,1,Group1_IMG_9684.jpg,,,,,,,,,0.0,26.0,26.0,26.0,,,,,,,,,,,,,,,,,,,,,,,,,,,,,,,,,2521.6707758590346,None,2521.6707758590346,None,2521.6707758590346,None,1.0,1.7612353359581905,2521.6707758590346,None,2521.6707758590346,None,1.0,2.150428081979044,2522.9728848970262,None,2521.6707758590346,None,1.0,2.490024605067447,2523.37124620995,None,2521.6707758590346,None,space,0.1763401149073615,2.5133962294785306,None,2521.6707758590346,None,2521.6707758590346,None,,,,,,,,,1,2022_Mar_31_1055,SAR-soap,2021.1.2,
182,Trial # 28,Group1-stimuli/group1-block2/real-group1-b2/Group1_IMG_1039.jpg,1,Group1_IMG_1039.jpg,,,,,,,,,0.0,27.0,27.0,27.0,,,,,,,,,,,,,,,,,,,,,,,,,,,,,,,,,2524.422257589991,None,2524.422257589991,None,2524.422257589991,None,6.0,8.776074848952703,2524.422257589991,None,2524.422257589991,None,7.0,9.966146862949245,2532.741746646934,None,2524.422257589991,None,6.0,10.87201290205121,2533.941667846986,None,2524.422257589991,None,space,0.1844552409602329,10.893603834090754,None,2524.422257589991,None,2524.422257589991,None,,,,,,,,,1,2022_Mar_31_1055,SAR-soap,2021.1.2,
183,Trial # 29,Group1-stimuli/group1-block2/fake-group2-b2/encoded_Group2_IMG_0251.jpg,0,encoded_Group2_IMG_0251.jpg,,,,,,,,,0.0,28.0,28.0,28.0,,,,,,,,,,,,,,,,,,,,,,,,,,,,,,,,,2535.574783448013,None,2535.574783448013,None,2535.574783448013,None,1.0,1.5101598639739675,2535.574783448013,None,2535.574783448013,None,1.0,1.8328235530061647,2536.626427285956,None,2535.574783448013,None,1.0,2.170517096063122,2536.95891933702,None,2535.574783448013,None,space,0.1662039590300992,2.1963743538362905,None,2535.574783448013,None,2535.574783448013,None,,,,,,,,,1,2022_Mar_31_1055,SAR-soap,2021.1.2,
184,Trial # 30,Group1-stimuli/group1-block2/real-group1-b2/Group1_IMG_9692.jpg,1,Group1_IMG_9692.jpg,,,,,,,,,0.0,29.0,29.0,29.0,,,,,,,,,,,,,,,,,,,,,,,,,,,,,,,,,2537.95970653696,None,2537.95970653696,None,2537.95970653696,None,1.0,1.5604387159692124,2537.95970653696,None,2537.95970653696,None,1.0,1.883837478933856,2539.059581700014,None,2537.95970653696,None,1.0,2.189370647072792,2539.3939608419314,None,2537.95970653696,None,space,-2.1548711030045524,2.2129953294061124,None,2537.95970653696,None,2537.95970653696,None,,,,,,,,,1,2022_Mar_31_1055,SAR-soap,2021.1.2,
185,Trial # 31,Group1-stimuli/group1-block2/real-group1-b2/Group1_IMG_0512.jpg,1,Group1_IMG_0512.jpg,,,,,,,,,0.0,30.0,30.0,30.0,,,,,,,,,,,,,,,,,,,,,,,,,,,,,,,,,2540.193218415021,None,2540.193218415021,None,2540.193218415021,None,4.0,3.376858480041846,2540.193218415021,None,2540.193218415021,None,7.0,4.899685958982445,2543.111620069947,None,2540.193218415021,None,5.0,6.708677173941396,2544.644860856933,None,2540.193218415021,None,space,-6.579307034029625,6.729732985259034,None,2540.193218415021,None,2540.193218415021,None,,,,,,,,,1,2022_Mar_31_1055,SAR-soap,2021.1.2,
186,Trial # 32,Group1-stimuli/group1-block2/fake-group2-b2/encoded_Group2_IMG_9673.jpg,0,encoded_Group2_IMG_9673.jpg,,,,,,,,,0.0,31.0,31.0,31.0,,,,,,,,,,,,,,,,,,,,,,,,,,,,,,,,,2546.945603754953,None,2546.945603754953,None,2546.945603754953,None,1.0,1.4990641820477322,2546.945603754953,None,2546.945603754953,None,1.0,1.8548749249894168,2547.9967569919536,None,2546.945603754953,None,1.0,2.3942604889161885,2548.3625795249827,None,2546.945603754953,None,space,-2.318645436898805,2.424055786104873,None,2546.945603754953,None,2546.945603754953,None,,,,,,,,,1,2022_Mar_31_1055,SAR-soap,2021.1.2,
187,Trial # 33,Group1-stimuli/group1-block2/fake-group2-b2/encoded_Group2_IMG_5135.jpg,0,encoded_Group2_IMG_5135.jpg,,,,,,,,,0.0,32.0,32.0,32.0,,,,,,,,,,,,,,,,,,,,,,,,,,,,,,,,,2549.396455841954,None,2549.396455841954,None,2549.396455841954,None,5.0,8.190109649905935,2549.396455841954,None,2549.396455841954,None,7.0,9.44652594299987,2557.131885390961,None,2549.396455841954,None,6.0,11.55103264003992,2558.399956778041,None,2549.396455841954,None,space,0.5898029260570183,11.573074191459456,None,2549.396455841954,None,2549.396455841954,None,,,,,,,,,1,2022_Mar_31_1055,SAR-soap,2021.1.2,
188,Trial # 34,Group1-stimuli/group1-block2/real-group1-b2/Group1_IMG_0396.jpg,1,Group1_IMG_0396.jpg,,,,,,,,,0.0,33.0,33.0,33.0,,,,,,,,,,,,,,,,,,,,,,,,,,,,,,,,,2561.599833923974,None,2561.599833923974,None,2561.599833923974,None,5.0,8.695660218945704,2561.599833923974,None,2561.599833923974,None,7.0,9.65173237095587,2569.835677749012,None,2561.599833923974,None,5.0,11.823537584976291,2570.8025059209904,None,2561.599833923974,None,space,10.886918794945814,11.849464782513678,None,2561.599833923974,None,2561.599833923974,None,,,,,,,,,1,2022_Mar_31_1055,SAR-soap,2021.1.2,
189,Trial # 35,Group1-stimuli/group1-block2/real-group1-b2/Group1_IMG_4919.jpg,1,Group1_IMG_4919.jpg,,,,,,,,,0.0,34.0,34.0,34.0,,,,,,,,,,,,,,,,,,,,,,,,,,,,,,,,,2584.406885802978,None,2584.406885802978,None,2584.406885802978,None,4.0,5.456540756043978,2584.406885802978,None,2584.406885802978,None,3.0,6.028990200022236,2589.3934272440383,None,2584.406885802978,None,3.0,6.968682870035991,2589.9921248690225,None,2584.406885802978,None,space,0.1329915469978004,6.98717960389331,None,2584.406885802978,None,2584.406885802978,None,,,,,,,,,1,2022_Mar_31_1055,SAR-soap,2021.1.2,
190,Trial # 36,Group1-stimuli/group1-block2/real-group1-b2/Group1_IMG_0449.jpg,1,Group1_IMG_0449.jpg,,,,,,,,,0.0,35.0,35.0,35.0,,,,,,,,,,,,,,,,,,,,,,,,,,,,,,,,,2591.559187978972,None,2591.559187978972,None,2591.559187978972,None,5.0,1.970981479040347,2591.559187978972,None,2591.559187978972,None,6.0,3.543047696002759,2593.061255712993,None,2591.559187978972,None,6.0,5.148170026019216,2594.6606926650275,None,2591.559187978972,None,space,0.0135569870471954,5.183318514027633,None,2591.559187978972,None,2591.559187978972,None,,,,,,,,,1,2022_Mar_31_1055,SAR-soap,2021.1.2,
191,Trial # 37,Group1-stimuli/group1-block2/fake-group2-b2/encoded_Group2_IMG_0539.jpg,0,encoded_Group2_IMG_0539.jpg,,,,,,,,,0.0,36.0,36.0,36.0,,,,,,,,,,,,,,,,,,,,,,,,,,,,,,,,,2596.7773373889504,None,2596.7773373889504,None,2596.7773373889504,None,2.0,1.6635817709611729,2596.7773373889504,None,2596.7773373889504,None,2.0,2.0864270760212094,2597.994777887943,None,2596.7773373889504,None,1.0,2.908390276017599,2598.428679591045,None,2596.7773373889504,None,space,0.1331183880101889,2.936028063297272,None,2596.7773373889504,None,2596.7773373889504,None,,,,,,,,,1,2022_Mar_31_1055,SAR-soap,2021.1.2,
192,Trial # 38,Group1-stimuli/group1-block2/real-group1-b2/Group1_IMG_0453.jpg,1,Group1_IMG_0453.jpg,,,,,,,,,0.0,37.0,37.0,37.0,,,,,,,,,,,,,,,,,,,,,,,,,,,,,,,,,2599.87798809004,None,2599.87798809004,None,2599.87798809004,None,5.0,1.897977393004112,2599.87798809004,None,2599.87798809004,None,6.0,3.6054506229702383,2601.329226044006,None,2599.87798809004,None,6.0,4.877247212920338,2603.046091860975,None,2599.87798809004,None,space,0.1283160150051117,4.906191386166029,None,2599.87798809004,None,2599.87798809004,None,,,,,,,,,1,2022_Mar_31_1055,SAR-soap,2021.1.2,
193,Trial # 39,Group1-stimuli/group1-block2/fake-group2-b2/encoded_Group2_IMG_0318.jpg,0,encoded_Group2_IMG_0318.jpg,,,,,,,,,0.0,38.0,38.0,38.0,,,,,,,,,,,,,,,,,,,,,,,,,,,,,,,,,2604.929304359015,None,2604.929304359015,None,2604.929304359015,None,2.0,2.220897926017642,2604.929304359015,None,2604.929304359015,None,2.0,2.6760635919636115,2606.713724191999,None,2604.929304359015,None,1.0,3.5157615629723296,2607.180722448975,None,2604.929304359015,None,space,0.3236901490017771,3.5502046920591965,None,2604.929304359015,None,2604.929304359015,None,,,,,,,,,1,2022_Mar_31_1055,SAR-soap,2021.1.2,
194,Trial # 40,Group1-stimuli/group1-block2/real-group1-b2/Group1_IMG_1678.jpg,1,Group1_IMG_1678.jpg,,,,,,,,,0.0,39.0,39.0,39.0,,,,,,,,,,,,,,,,,,,,,,,,,,,,,,,,,2608.8643526319647,None,2608.8643526319647,None,2608.8643526319647,None,1.0,1.99356135900598,2608.8643526319647,None,2608.8643526319647,None,1.0,3.599716033088044,2610.3979208440287,None,2608.8643526319647,None,2.0,4.4047087809303775,2611.381950945012,None,2608.8643526319647,None,space,0.5057036039652303,4.429501451086253,None,2608.8643526319647,None,2608.8643526319647,None,,,,,,,,,1,2022_Mar_31_1055,SAR-soap,2021.1.2,
195,Trial # 41,Group1-stimuli/group1-block2/fake-group2-b2/encoded_Group2_IMG_0325.jpg,0,encoded_Group2_IMG_0325.jpg,,,,,,,,,0.0,40.0,40.0,40.0,,,,,,,,,,,,,,,,,,,,,,,,,,,,,,,,,2613.8500686490443,None,2613.8500686490443,None,2613.8500686490443,None,1.0,1.3541664039948955,2613.8500686490443,None,2613.8500686490443,None,1.0,1.678870136034675,2614.749735041987,None,2613.8500686490443,None,1.0,2.5499577849404886,2615.082754240022,None,2613.8500686490443,None,space,0.6037762019550428,2.5686529553495347,None,2613.8500686490443,None,2613.8500686490443,None,,,,,,,,,1,2022_Mar_31_1055,SAR-soap,2021.1.2,
196,Trial # 42,Group1-stimuli/group1-block2/fake-group2-b2/encoded_Group2_IMG_9935.jpg,0,encoded_Group2_IMG_9935.jpg,,,,,,,,,0.0,41.0,41.0,41.0,,,,,,,,,,,,,,,,,,,,,,,,,,,,,,,,,2617.083135913941,None,2617.083135913941,None,2617.083135913941,None,1.0,20.88758374704048,2617.083135913941,None,2617.083135913941,None,1.0,21.543418994988315,2637.5237330449745,None,2617.083135913941,None,1.0,21.94956330896821,2638.191037520999,None,2617.083135913941,None,space,0.7544214460067451,21.978780736215413,None,2617.083135913941,None,2617.083135913941,None,,,,,,,,,1,2022_Mar_31_1055,SAR-soap,2021.1.2,
197,Trial # 43,Group1-stimuli/group1-block2/fake-group2-b2/encoded_Group2_IMG_0308.jpg,0,encoded_Group2_IMG_0308.jpg,,,,,,,,,0.0,42.0,42.0,42.0,,,,,,,,,,,,,,,,,,,,,,,,,,,,,,,,,2639.858206728939,None,2639.858206728939,None,2639.858206728939,None,4.0,2.8531809779815376,2639.858206728939,None,2639.858206728939,None,6.0,3.4094882019562647,2642.2581040440127,None,2639.858206728939,None,5.0,4.183268718072213,2642.825827699969,None,2639.858206728939,None,space,0.3059590259799734,4.216217276174575,None,2639.858206728939,None,2639.858206728939,None,,,,,,,,,1,2022_Mar_31_1055,SAR-soap,2021.1.2,
198,Trial # 44,Group1-stimuli/group1-block2/real-group1-b2/Group1_IMG_0467.jpg,1,Group1_IMG_0467.jpg,,,,,,,,,0.0,43.0,43.0,43.0,,,,,,,,,,,,,,,,,,,,,,,,,,,,,,,,,2644.426060041995,None,2644.426060041995,None,2644.426060041995,None,5.0,1.8659333229297768,2644.426060041995,None,2644.426060041995,None,6.0,4.389853763044812,2645.842540710932,None,2644.426060041995,None,4.0,5.12972156109754,2648.376537077944,None,2644.426060041995,None,space,0.1879441789351403,5.159800543100573,None,2644.426060041995,None,2644.426060041995,None,,,,,,,,,1,2022_Mar_31_1055,SAR-soap,2021.1.2,
199,Trial # 45,Group1-stimuli/group1-block2/fake-group2-b2/encoded_Group2_IMG_9839.jpg,0,encoded_Group2_IMG_9839.jpg,,,,,,,,,0.0,44.0,44.0,44.0,,,,,,,,,,,,,,,,,,,,,,,,,,,,,,,,,2649.810895110946,None,2649.810895110946,None,2649.810895110946,None,2.0,2.101072298944928,2649.810895110946,None,2649.810895110946,None,1.0,3.222655178979039,2651.4615069909487,None,2649.810895110946,None,1.0,3.8289600090356544,2652.094001029968,None,2649.810895110946,None,space,0.2943339350167662,3.859608804108575,None,2649.810895110946,None,2649.810895110946,None,,,,,,,,,1,2022_Mar_31_1055,SAR-soap,2021.1.2,
200,Trial # 46,Group1-stimuli/group1-block2/fake-group2-b2/encoded_Group2_IMG_9681.jpg,0,encoded_Group2_IMG_9681.jpg,,,,,,,,,0.0,45.0,45.0,45.0,,,,,,,,,,,,,,,,,,,,,,,,,,,,,,,,,2653.9949037969345,None,2653.9949037969345,None,2653.9949037969345,None,1.0,2.022717877989635,2653.9949037969345,None,2653.9949037969345,None,1.0,2.50966071896255,2655.562080543954,None,2653.9949037969345,None,1.0,3.0153600180055946,2656.0619200569345,None,2653.9949037969345,None,space,0.4554013139568269,2.83616597938817,None,2653.9949037969345,None,2653.9949037969345,None,,,,,,,,,1,2022_Mar_31_1055,SAR-soap,2021.1.2,
201,Trial # 47,Group1-stimuli/group1-block2/fake-group2-b2/encoded_Group2_IMG_0458.jpg,0,encoded_Group2_IMG_0458.jpg,,,,,,,,,0.0,46.0,46.0,46.0,,,,,,,,,,,,,,,,,,,,,,,,,,,,,,,,,2657.328903037007,None,2657.328903037007,None,2657.328903037007,None,5.0,3.8494834640296176,2657.328903037007,None,2657.328903037007,None,3.0,7.090239019948058,2658.913604405941,None,2657.328903037007,None,2.0,8.828740197001025,2663.98234956502,None,2657.328903037007,None,space,0.1900109739508479,8.859080357127823,None,2657.328903037007,None,2657.328903037007,None,,,,,,,,,1,2022_Mar_31_1055,SAR-soap,2021.1.2,
202,Trial # 48,Group1-stimuli/group1-block2/real-group1-b2/Group1_IMG_1095.jpg,1,Group1_IMG_1095.jpg,,,,,,,,,0.0,47.0,47.0,47.0,,,,,,,,,,,,,,,,,,,,,,,,,,,,,,,,,2666.414899463998,None,2666.414899463998,None,2666.414899463998,None,5.0,3.916996855055913,2666.414899463998,None,2666.414899463998,None,5.0,5.839350600959733,2669.884362621,None,2666.414899463998,None,6.0,6.745426642009988,2671.8170862640254,None,2666.414899463998,None,space,0.4034896730445325,6.777423010207713,None,2666.414899463998,None,2666.414899463998,None,,,,,,,,,1,2022_Mar_31_1055,SAR-soap,2021.1.2,
203,Trial # 49,Group1-stimuli/group1-block2/fake-group2-b2/encoded_Group2_IMG_9710.jpg,0,encoded_Group2_IMG_9710.jpg,,,,,,,,,0.0,48.0,48.0,48.0,,,,,,,,,,,,,,,,,,,,,,,,,,,,,,,,,2673.6515426089754,None,2673.6515426089754,None,2673.6515426089754,None,1.0,1.653580412035808,2673.6515426089754,None,2673.6515426089754,None,1.0,2.008814258966595,2674.851285076933,None,2673.6515426089754,None,1.0,2.615196467959322,2675.2184370360337,None,2673.6515426089754,None,space,0.2956149210222065,2.64810978109017,None,2673.6515426089754,None,2673.6515426089754,None,,,,,,,,,1,2022_Mar_31_1055,SAR-soap,2021.1.2,
204,Trial # 50,Group1-stimuli/group1-block2/fake-group2-b2/encoded_Group2_IMG_9819.jpg,0,encoded_Group2_IMG_9819.jpg,,,,,,,,,0.0,49.0,49.0,49.0,,,,,,,,,,,,,,,,,,,,,,,,,,,,,,,,,2676.61864324403,None,2676.61864324403,None,2676.61864324403,None,1.0,1.6463938540546224,2676.61864324403,None,2676.61864324403,None,1.0,1.968939812970348,2677.802797958022,None,2676.61864324403,None,1.0,2.8419915930135176,2678.136281121988,None,2676.61864324403,None,space,0.5592683859867975,2.866332018515095,None,2676.61864324403,None,2676.61864324403,None,,,,,,,,,1,2022_Mar_31_1055,SAR-soap,2021.1.2,
205,Trial # 51,Group1-stimuli/group1-block2/real-group1-b2/Group1_IMG_0064.jpg,1,Group1_IMG_0064.jpg,,,,,,,,,0.0,50.0,50.0,50.0,,,,,,,,,,,,,,,,,,,,,,,,,,,,,,,,,2680.0693854290294,None,2680.0693854290294,None,2680.0693854290294,None,5.0,3.685816069017165,2680.0693854290294,None,2680.0693854290294,None,6.0,5.608265478047542,2683.305259651039,None,2680.0693854290294,None,7.0,6.482124653994106,2685.238087706035,None,2680.0693854290294,None,space,0.1856278760824352,6.511043079080992,None,2680.0693854290294,None,2680.0693854290294,None,,,,,,,,,1,2022_Mar_31_1055,SAR-soap,2021.1.2,
206,Trial # 52,Group1-stimuli/group1-block2/fake-group2-b2/encoded_Group2_IMG_9756.jpg,0,encoded_Group2_IMG_9756.jpg,,,,,,,,,0.0,51.0,51.0,51.0,,,,,,,,,,,,,,,,,,,,,,,,,,,,,,,,,2686.804347714992,None,2686.804347714992,None,2686.804347714992,None,5.0,2.990766352042556,2686.804347714992,None,2686.804347714992,None,5.0,5.295964185032062,2689.339632084011,None,2686.804347714992,None,5.0,6.70317532599438,2691.6568163030315,None,2686.804347714992,None,space,0.9757499661063777,6.72357746551279,None,2686.804347714992,None,2686.804347714992,None,,,,,,,,,1,2022_Mar_31_1055,SAR-soap,2021.1.2,
207,Trial # 53,Group1-stimuli/group1-block2/fake-group2-b2/encoded_Group2_IMG_5888.jpg,0,encoded_Group2_IMG_5888.jpg,,,,,,,,,0.0,52.0,52.0,52.0,,,,,,,,,,,,,,,,,,,,,,,,,,,,,,,,,2694.541541237035,None,2694.541541237035,None,2694.541541237035,None,2.0,1.9135517730610443,2694.541541237035,None,2694.541541237035,None,1.0,2.702173507073894,2696.008001258946,None,2694.541541237035,None,1.0,3.2066636689705774,2696.808219072991,None,2694.541541237035,None,space,0.1663134159753099,3.2362616205355152,None,2694.541541237035,None,2694.541541237035,None,,,,,,,,,1,2022_Mar_31_1055,SAR-soap,2021.1.2,
208,Trial # 54,Group1-stimuli/group1-block2/real-group1-b2/Group1_IMG_1476.jpg,1,Group1_IMG_1476.jpg,,,,,,,,,0.0,53.0,53.0,53.0,,,,,,,,,,,,,,,,,,,,,,,,,,,,,,,,,2697.975541312946,None,2697.975541312946,None,2697.975541312946,None,5.0,2.30013644497376,2697.975541312946,None,2697.975541312946,None,6.0,2.8558711759978905,2699.825783377979,None,2697.975541312946,None,6.0,5.962396478978917,2700.3933953059604,None,2697.975541312946,None,space,2.531510491971858,3.826291164266877,None,2697.975541312946,None,2697.975541312946,None,,,,,,,,,1,2022_Mar_31_1055,SAR-soap,2021.1.2,
209,Trial # 55,Group1-stimuli/group1-block2/real-group1-b2/Group1_IMG_1917.jpg,1,Group1_IMG_1917.jpg,,,,,,,,,0.0,54.0,54.0,54.0,,,,,,,,,,,,,,,,,,,,,,,,,,,,,,,,,2704.360324827023,None,2704.360324827023,None,2704.360324827023,None,1.0,2.21026827103924,2704.360324827023,None,2704.360324827023,None,1.0,2.767178946058266,2706.11139412201,None,2704.360324827023,None,2.0,3.305494775995612,2706.678241910995,None,2704.360324827023,None,space,0.2387750430498272,3.3297594834584743,None,2704.360324827023,None,2704.360324827023,None,,,,,,,,,1,2022_Mar_31_1055,SAR-soap,2021.1.2,
210,Trial # 56,Group1-stimuli/group1-block2/real-group1-b2/Group1_IMG_0413.jpg,1,Group1_IMG_0413.jpg,,,,,,,,,0.0,55.0,55.0,55.0,,,,,,,,,,,,,,,,,,,,,,,,,,,,,,,,,2707.978783703991,None,2707.978783703991,None,2707.978783703991,None,3.0,3.1765263370471075,2707.978783703991,None,2707.978783703991,None,3.0,4.798509135958739,2710.6959699640283,None,2707.978783703991,None,3.0,5.705467437044717,2712.329296912998,None,2707.978783703991,None,space,0.1876424420624971,5.727853251504712,None,2707.978783703991,None,2707.978783703991,None,,,,,,,,,1,2022_Mar_31_1055,SAR-soap,2021.1.2,
211,Trial # 57,Group1-stimuli/group1-block2/real-group1-b2/Group1_IMG_1001.jpg,1,Group1_IMG_1001.jpg,,,,,,,,,0.0,56.0,56.0,56.0,,,,,,,,,,,,,,,,,,,,,,,,,,,,,,,,,2713.930661116028,None,2713.930661116028,None,2713.930661116028,None,6.0,2.8181662000715733,2713.930661116028,None,2713.930661116028,None,7.0,4.056608525104821,2716.282616093988,None,2713.930661116028,None,6.0,5.328996511991136,2717.548123475979,None,2713.930661116028,None,space,0.1140665439888835,5.362566931173205,None,2713.930661116028,None,2713.930661116028,None,,,,,,,,,1,2022_Mar_31_1055,SAR-soap,2021.1.2,
212,Trial # 58,Group1-stimuli/group1-block2/fake-group2-b2/encoded_Group2_IMG_0441.jpg,0,encoded_Group2_IMG_0441.jpg,,,,,,,,,0.0,57.0,57.0,57.0,,,,,,,,,,,,,,,,,,,,,,,,,,,,,,,,,2719.4318167379824,None,2719.4318167379824,None,2719.4318167379824,None,6.0,3.313755983952433,2719.4318167379824,None,2719.4318167379824,None,6.0,4.670886915992014,2722.299056926975,None,2719.4318167379824,None,4.0,5.7754189589759335,2723.6672452039784,None,2719.4318167379824,None,space,0.1548585799755528,5.8029740795027465,None,2719.4318167379824,None,2719.4318167379824,None,,,,,,,,,1,2022_Mar_31_1055,SAR-soap,2021.1.2,
213,Trial # 59,Group1-stimuli/group1-block2/real-group1-b2/Group1_IMG_9774.jpg,1,Group1_IMG_9774.jpg,,,,,,,,,0.0,58.0,58.0,58.0,,,,,,,,,,,,,,,,,,,,,,,,,,,,,,,,,2725.433674923028,None,2725.433674923028,None,2725.433674923028,None,3.0,2.428916073986329,2725.433674923028,None,2725.433674923028,None,2.0,4.452041723066941,2727.4172042940045,None,2725.433674923028,None,1.0,6.790962583036162,2727.918023093953,None,2725.433674923028,None,space,0.1203736750176176,6.818911733222194,None,2725.433674923028,None,2725.433674923028,None,,,,,,,,,1,2022_Mar_31_1055,SAR-soap,2021.1.2,
214,Trial # 60,Group1-stimuli/group1-block2/fake-group2-b2/encoded_Group2_IMG_2751.jpg,0,encoded_Group2_IMG_2751.jpg,,,,,,,,,0.0,59.0,59.0,59.0,,,,,,,,,,,,,,,,,,,,,,,,,,,,,,,,,2732.418560015969,None,2732.418560015969,None,2732.418560015969,None,1.0,1.4953495060326532,2732.418560015969,None,2732.418560015969,None,1.0,1.9510816810652607,2733.4541383159813,None,2732.418560015969,None,1.0,3.123910277034156,2733.9202166609466,None,2732.418560015969,None,space,0.4033080679364502,3.1489120913902298,None,2732.418560015969,None,2732.418560015969,None,,,,,,,,,1,2022_Mar_31_1055,SAR-soap,2021.1.2,
215,Trial # 61,Group1-stimuli/group1-block2/fake-group2-b2/encoded_Group2_IMG_0409.jpg,0,encoded_Group2_IMG_0409.jpg,,,,,,,,,0.0,60.0,60.0,60.0,,,,,,,,,,,,,,,,,,,,,,,,,,,,,,,,,2736.0204201149754,None,2736.0204201149754,None,2736.0204201149754,None,3.0,6.781977456994355,2736.0204201149754,None,2736.0204201149754,None,3.0,7.539524780935608,2742.355903527001,None,2736.0204201149754,None,3.0,8.045169802033342,2743.123626578017,None,2736.0204201149754,None,space,0.2902759859571233,8.074822341208346,None,2736.0204201149754,None,2736.0204201149754,None,,,,,,,,,1,2022_Mar_31_1055,SAR-soap,2021.1.2,
216,Trial # 62,Group1-stimuli/group1-block2/real-group1-b2/Group1_IMG_1346.jpg,1,Group1_IMG_1346.jpg,,,,,,,,,0.0,61.0,61.0,61.0,,,,,,,,,,,,,,,,,,,,,,,,,,,,,,,,,2744.423032111954,None,2744.423032111954,None,2744.423032111954,None,5.0,2.065786570077762,2744.423032111954,None,2744.423032111954,None,5.0,3.588174339965917,2746.03988148598,None,2744.423032111954,None,4.0,5.12653917609714,2747.5747790590394,None,2744.423032111954,None,space,1.5171110449591652,5.1597027882235125,None,2744.423032111954,None,2744.423032111954,None,,,,,,,,,1,2022_Mar_31_1055,SAR-soap,2021.1.2,
217,Trial # 63,Group1-stimuli/group1-block2/real-group1-b2/Group1_IMG_0481.jpg,1,Group1_IMG_0481.jpg,,,,,,,,,0.0,62.0,62.0,62.0,,,,,,,,,,,,,,,,,,,,,,,,,,,,,,,,,2751.1582680389984,None,2751.1582680389984,None,2751.1582680389984,None,1.0,7.292620707070455,2751.1582680389984,None,2751.1582680389984,None,1.0,10.34880926797632,2757.994178398978,None,2751.1582680389984,None,1.0,11.054115328937767,2761.0614370389376,None,2751.1582680389984,None,space,0.2161088640568778,11.07539611204993,None,2751.1582680389984,None,2751.1582680389984,None,,,,,,,,,1,2022_Mar_31_1055,SAR-soap,2021.1.2,
218,Trial # 64,Group1-stimuli/group1-block2/fake-group2-b2/encoded_Group2_IMG_4718.jpg,0,encoded_Group2_IMG_4718.jpg,,,,,,,,,0.0,63.0,63.0,63.0,,,,,,,,,,,,,,,,,,,,,,,,,,,,,,,,,2762.478144527995,None,2762.478144527995,None,2762.478144527995,None,2.0,2.0971663129748777,2762.478144527995,None,2762.478144527995,None,2.0,5.302179647958837,2764.130331080989,None,2762.478144527995,None,1.0,8.540702037047595,2767.346510673989,None,2762.478144527995,None,space,0.1174403500044718,8.567962283384986,None,2762.478144527995,None,2762.478144527995,None,,,,,,,,,1,2022_Mar_31_1055,SAR-soap,2021.1.2,
219,Trial # 65,Group1-stimuli/group1-block2/real-group1-b2/Group1_IMG_0540.jpg,1,Group1_IMG_0540.jpg,,,,,,,,,0.0,64.0,64.0,64.0,,,,,,,,,,,,,,,,,,,,,,,,,,,,,,,,,2771.2140218509594,None,2771.2140218509594,None,2771.2140218509594,None,1.0,1.5999254719354212,2771.2140218509594,None,2771.2140218509594,None,1.0,1.9897562930127608,2772.364837907953,None,2771.2140218509594,None,1.0,2.4627950410358608,2772.7659099469893,None,2771.2140218509594,None,space,0.1533290530787781,2.4917254260508344,None,2771.2140218509594,None,2771.2140218509594,None,,,,,,,,,1,2022_Mar_31_1055,SAR-soap,2021.1.2,
220,Trial # 66,Group1-stimuli/group1-block2/fake-group2-b2/encoded_Group2_IMG_0166.jpg,0,encoded_Group2_IMG_0166.jpg,,,,,,,,,0.0,65.0,65.0,65.0,,,,,,,,,,,,,,,,,,,,,,,,,,,,,,,,,2773.8991103930166,None,2773.8991103930166,None,2773.8991103930166,None,4.0,1.6467986209318042,2773.8991103930166,None,2773.8991103930166,None,6.0,11.255119907087646,2775.099438976031,None,2773.8991103930166,None,5.0,14.39447228703648,2780.051597910933,None,2773.8991103930166,None,space,0.2599658610997721,14.424058309057727,None,2773.8991103930166,None,2773.8991103930166,None,,,,,,,,,1,2022_Mar_31_1055,SAR-soap,2021.1.2,
221,Trial # 67,Group1-stimuli/group1-block2/fake-group2-b2/encoded_Group2_IMG_0412.jpg,0,encoded_Group2_IMG_0412.jpg,,,,,,,,,0.0,66.0,66.0,66.0,,,,,,,,,,,,,,,,,,,,,,,,,,,,,,,,,2788.604027641006,None,2788.604027641006,None,2788.604027641006,None,2.0,2.01364088000264,2788.604027641006,None,2788.604027641006,None,2.0,2.5698725279653445,2790.1705510319443,None,2788.604027641006,None,2.0,3.074208683916368,2790.736914559966,None,2788.604027641006,None,space,0.1727943900041282,3.103746360400692,None,2788.604027641006,None,2788.604027641006,None,,,,,,,,,1,2022_Mar_31_1055,SAR-soap,2021.1.2,
222,Trial # 68,Group1-stimuli/group1-block2/real-group1-b2/Group1_IMG_0485.jpg,1,Group1_IMG_0485.jpg,,,,,,,,,0.0,67.0,67.0,67.0,,,,,,,,,,,,,,,,,,,,,,,,,,,,,,,,,2791.9372260610107,None,2791.9372260610107,None,2791.9372260610107,None,1.0,1.5822752750245854,2791.9372260610107,None,2791.9372260610107,None,1.0,2.137895538005978,2793.072680525948,None,2791.9372260610107,None,1.0,2.71124521701131,2793.638999728952,None,2791.9372260610107,None,space,0.6931738349376246,2.738490330171772,None,2791.9372260610107,None,2791.9372260610107,None,,,,,,,,,1,2022_Mar_31_1055,SAR-soap,2021.1.2,
223,Trial # 69,Group1-stimuli/group1-block2/fake-group2-b2/encoded_Group2_IMG_1495.jpg,0,encoded_Group2_IMG_1495.jpg,,,,,,,,,0.0,68.0,68.0,68.0,,,,,,,,,,,,,,,,,,,,,,,,,,,,,,,,,2795.4047656849725,None,2795.4047656849725,None,2795.4047656849725,None,3.0,1.6098326380597427,2795.4047656849725,None,2795.4047656849725,None,3.0,3.4672881099395454,2796.555801684968,None,2795.4047656849725,None,2.0,5.972434703959152,2798.423211754998,None,2795.4047656849725,None,space,0.5997654560487717,5.564338409458287,None,2795.4047656849725,None,2795.4047656849725,None,,,,,,,,,1,2022_Mar_31_1055,SAR-soap,2021.1.2,
224,Trial # 70,Group1-stimuli/group1-block2/real-group1-b2/Group1_IMG_0426.jpg,1,Group1_IMG_0426.jpg,,,,,,,,,0.0,69.0,69.0,69.0,,,,,,,,,,,,,,,,,,,,,,,,,,,,,,,,,2801.590726898983,None,2801.590726898983,None,2801.590726898983,None,3.0,2.59896407998167,2801.590726898983,None,2801.590726898983,None,3.0,5.986902668024413,2803.742256304948,None,2801.590726898983,None,2.0,5.559750219923444,2804.3088729550363,None,2801.590726898983,None,space,2.118706095032394,4.155940010212362,None,2801.590726898983,None,2801.590726898983,None,,,,,,,,,1,2022_Mar_31_1055,SAR-soap,2021.1.2,
225,Trial # 71,Group1-stimuli/group1-block2/real-group1-b2/Group1_IMG_0349.jpg,1,Group1_IMG_0349.jpg,,,,,,,,,0.0,70.0,70.0,70.0,,,,,,,,,,,,,,,,,,,,,,,,,,,,,,,,,2807.909182413947,None,2807.909182413947,None,2807.909182413947,None,1.0,1.6362963779829445,2807.909182413947,None,2807.909182413947,None,1.0,2.092586645972915,2809.094012813992,None,2807.909182413947,None,1.0,2.6639766480075195,2809.559610176948,None,2807.909182413947,None,space,0.1236884499667212,2.6986364241456613,None,2807.909182413947,None,2807.909182413947,None,,,,,,,,,1,2022_Mar_31_1055,SAR-soap,2021.1.2,
226,Trial # 72,Group1-stimuli/group1-block2/real-group1-b2/Group1_IMG_0414.jpg,1,Group1_IMG_0414.jpg,,,,,,,,,0.0,71.0,71.0,71.0,,,,,,,,,,,,,,,,,,,,,,,,,,,,,,,,,2810.75999434595,None,2810.75999434595,None,2810.75999434595,None,1.0,2.8454513530014083,2810.75999434595,None,2810.75999434595,None,3.0,3.7675013169646254,2813.144431508961,None,2810.75999434595,None,2.0,4.938756948919036,2814.077773140976,None,2810.75999434595,None,space,0.1331333089619875,4.964437808375806,None,2810.75999434595,None,2810.75999434595,None,,,,,,,,,1,2022_Mar_31_1055,SAR-soap,2021.1.2,
227,Trial # 73,Group1-stimuli/group1-block2/fake-group2-b2/encoded_Group2_IMG_9856.jpg,0,encoded_Group2_IMG_9856.jpg,,,,,,,,,0.0,72.0,72.0,72.0,,,,,,,,,,,,,,,,,,,,,,,,,,,,,,,,,2815.9122829650296,None,2815.9122829650296,None,2815.9122829650296,None,3.0,1.936391220078804,2815.9122829650296,None,2815.9122829650296,None,3.0,2.659496607957408,2817.395291332039,None,2815.9122829650296,None,2.0,3.1638337610056624,2818.129135756986,None,2815.9122829650296,None,space,0.251669488963671,3.198866504128091,None,2815.9122829650296,None,2815.9122829650296,None,,,,,,,,,1,2022_Mar_31_1055,SAR-soap,2021.1.2,
228,Trial # 74,Group1-stimuli/group1-block2/fake-group2-b2/encoded_Group2_IMG_5313.jpg,0,encoded_Group2_IMG_5313.jpg,,,,,,,,,0.0,73.0,73.0,73.0,,,,,,,,,,,,,,,,,,,,,,,,,,,,,,,,,2819.3802188719856,None,2819.3802188719856,None,2819.3802188719856,None,4.0,1.8296751119196413,2819.3802188719856,None,2819.3802188719856,None,4.0,4.686115480028093,2820.7632196199847,None,2819.3802188719856,None,6.0,8.391393929021433,2823.6317788439337,None,2819.3802188719856,None,space,0.1263002940686419,8.419125490472652,None,2819.3802188719856,None,2819.3802188719856,None,,,,,,,,,1,2022_Mar_31_1055,SAR-soap,2021.1.2,
229,Trial # 75,Group1-stimuli/group1-block2/fake-group2-b2/encoded_Group2_IMG_0421.jpg,0,encoded_Group2_IMG_0421.jpg,,,,,,,,,0.0,74.0,74.0,74.0,,,,,,,,,,,,,,,,,,,,,,,,,,,,,,,,,2827.948849581997,None,2827.948849581997,None,2827.948849581997,None,4.0,2.3477948899380863,2827.948849581997,None,2827.948849581997,None,5.0,2.7022519989404827,2829.8490832579555,None,2827.948849581997,None,3.0,3.975996925961226,2830.215891430038,None,2827.948849581997,None,space,0.6416386310011148,3.537286711507477,None,2827.948849581997,None,2827.948849581997,None,,,,,,,,,1,2022_Mar_31_1055,SAR-soap,2021.1.2,
230,Trial # 76,Group1-stimuli/group1-block2/fake-group2-b2/encoded_Group2_IMG_0446.jpg,0,encoded_Group2_IMG_0446.jpg,,,,,,,,,0.0,75.0,75.0,75.0,,,,,,,,,,,,,,,,,,,,,,,,,,,,,,,,,2832.166150809033,None,2832.166150809033,None,2832.166150809033,None,4.0,63.49874888197519,2832.166150809033,None,2832.166150809033,None,2.0,68.8225815630285,2895.219783421024,None,2832.166150809033,None,2.0,69.66197637200821,2897.253713437007,None,2832.166150809033,None,space,0.2143337480956688,69.68852710840292,None,2832.166150809033,None,2832.166150809033,None,,,,,,,,,1,2022_Mar_31_1055,SAR-soap,2021.1.2,
231,Trial # 77,Group1-stimuli/group1-block2/real-group1-b2/Group1_IMG_5999.jpg,1,Group1_IMG_5999.jpg,,,,,,,,,0.0,76.0,76.0,76.0,,,,,,,,,,,,,,,,,,,,,,,,,,,,,,,,,2902.121827968047,None,2902.121827968047,None,2902.121827968047,None,2.0,1.6953957160003483,2902.121827968047,None,2902.121827968047,None,1.0,2.1176604270003736,2903.355633080937,None,2902.121827968047,None,1.0,2.456237859092653,2903.7886474599363,None,2902.121827968047,None,space,0.199230785947293,2.480280780466273,None,2902.121827968047,None,2902.121827968047,None,,,,,,,,,1,2022_Mar_31_1055,SAR-soap,2021.1.2,
232,Trial # 78,Group1-stimuli/group1-block2/real-group1-b2/Group1_IMG_0107.jpg,1,Group1_IMG_0107.jpg,,,,,,,,,0.0,77.0,77.0,77.0,,,,,,,,,,,,,,,,,,,,,,,,,,,,,,,,,2904.823209327995,None,2904.823209327995,None,2904.823209327995,None,1.0,1.5820380159420893,2904.823209327995,None,2904.823209327995,None,1.0,1.93708260008134,2905.9567551299697,None,2904.823209327995,None,1.0,2.409006670000963,2906.322627965943,None,2904.823209327995,None,space,0.1638172640232369,2.439616125077009,None,2904.823209327995,None,2904.823209327995,None,,,,,,,,,1,2022_Mar_31_1055,SAR-soap,2021.1.2,
233,Trial # 79,Group1-stimuli/group1-block2/fake-group2-b2/encoded_Group2_IMG_0322.jpg,0,encoded_Group2_IMG_0322.jpg,,,,,,,,,0.0,78.0,78.0,78.0,,,,,,,,,,,,,,,,,,,,,,,,,,,,,,,,,2907.4393024790334,None,2907.4393024790334,None,2907.4393024790334,None,1.0,1.7637828449951485,2907.4393024790334,None,2907.4393024790334,None,2.0,2.2522794710239395,2908.7580630399752,None,2907.4393024790334,None,1.0,2.6573688939679414,2909.2580395280384,None,2907.4393024790334,None,space,0.2877086049411446,2.685592502355576,None,2907.4393024790334,None,2907.4393024790334,None,,,,,,,,,1,2022_Mar_31_1055,SAR-soap,2021.1.2,
234,Trial # 80,Group1-stimuli/group1-block2/fake-group2-b2/encoded_Group2_IMG_4255.jpg,0,encoded_Group2_IMG_4255.jpg,,,,,,,,,0.0,79.0,79.0,79.0,,,,,,,,,,,,,,,,,,,,,,,,,,,,,,,,,2910.440992812976,None,2910.440992812976,None,2910.440992812976,None,3.0,2.6296186359832063,2910.440992812976,None,2910.440992812976,None,3.0,3.51932186097838,2912.6243542500306,None,2910.440992812976,None,3.0,4.856439538998529,2913.5258183309343,None,2910.440992812976,None,space,0.0952618479495868,4.8845746364677325,None,2910.440992812976,None,2910.440992812976,None,,,,,,,,,1,2022_Mar_31_1055,SAR-soap,2021.1.2,
235,Trial # 81,Group1-stimuli/group1-block2/fake-group2-b2/encoded_Group2_IMG_0219.jpg,0,encoded_Group2_IMG_0219.jpg,,,,,,,,,0.0,80.0,80.0,80.0,,,,,,,,,,,,,,,,,,,,,,,,,,,,,,,,,2915.44225159497,None,2915.44225159497,None,2915.44225159497,None,4.0,1.5968202269868923,2915.44225159497,None,2915.44225159497,None,3.0,2.085404468001798,2916.5926931559807,None,2915.44225159497,None,3.0,3.49218058900442,2917.092754299985,None,2915.44225159497,None,space,0.1636622999794781,3.520590757485479,None,2915.44225159497,None,2915.44225159497,None,,,,,,,,,1,2022_Mar_31_1055,SAR-soap,2021.1.2,
236,Trial # 82,Group1-stimuli/group1-block2/real-group1-b2/Group1_IMG_0548.jpg,1,Group1_IMG_0548.jpg,,,,,,,,,0.0,81.0,81.0,81.0,,,,,,,,,,,,,,,,,,,,,,,,,,,,,,,,,2919.161020991043,None,2919.161020991043,None,2919.161020991043,None,1.0,1.918926344020292,2919.161020991043,None,2919.161020991043,None,1.0,2.6562647400423884,2920.245567737031,None,2919.161020991043,None,1.0,3.1623974670656025,2921.37819057703,None,2919.161020991043,None,space,0.2368041480658576,3.1945794861530885,None,2919.161020991043,None,2919.161020991043,None,,,,,,,,,1,2022_Mar_31_1055,SAR-soap,2021.1.2,
237,Trial # 83,Group1-stimuli/group1-block2/real-group1-b2/Group1_IMG_0229.jpg,1,Group1_IMG_0229.jpg,,,,,,,,,0.0,82.0,82.0,82.0,,,,,,,,,,,,,,,,,,,,,,,,,,,,,,,,,2922.6444182780106,None,2922.6444182780106,None,2922.6444182780106,None,2.0,1.8033548831008368,2922.6444182780106,None,2922.6444182780106,None,2.0,2.3419817100511864,2923.612591151032,None,2922.6444182780106,None,4.0,4.181721657048911,2924.546208888991,None,2922.6444182780106,None,space,0.9463305920362473,3.5136353840352967,None,2922.6444182780106,None,2922.6444182780106,None,,,,,,,,,1,2022_Mar_31_1055,SAR-soap,2021.1.2,
238,Trial # 84,Group1-stimuli/group1-block2/fake-group2-b2/encoded_Group2_IMG_0365.jpg,0,encoded_Group2_IMG_0365.jpg,,,,,,,,,0.0,83.0,83.0,83.0,,,,,,,,,,,,,,,,,,,,,,,,,,,,,,,,,2927.145977642969,None,2927.145977642969,None,2927.145977642969,None,2.0,2.0556206890614703,2927.145977642969,None,2927.145977642969,None,1.0,2.444741338957101,2928.747908510966,None,2927.145977642969,None,1.0,2.816970136016608,2929.1475875399774,None,2927.145977642969,None,space,0.1594620289979502,2.8368470404529944,None,2927.145977642969,None,2927.145977642969,None,,,,,,,,,1,2022_Mar_31_1055,SAR-soap,2021.1.2,
239,Trial # 85,Group1-stimuli/group1-block2/real-group1-b2/Group1_IMG_9822.jpg,1,Group1_IMG_9822.jpg,,,,,,,,,0.0,84.0,84.0,84.0,,,,,,,,,,,,,,,,,,,,,,,,,,,,,,,,,2930.1803644719766,None,2930.1803644719766,None,2930.1803644719766,None,1.0,1.3638580170227217,2930.1803644719766,None,2930.1803644719766,None,1.0,1.6867417009780183,2931.096901756944,None,2930.1803644719766,None,1.0,2.124610511003993,2931.43088916794,None,2930.1803644719766,None,space,0.1225561669562012,2.152369402116165,None,2930.1803644719766,None,2930.1803644719766,None,,,,,,,,,1,2022_Mar_31_1055,SAR-soap,2021.1.2,
240,Trial # 86,Group1-stimuli/group1-block2/fake-group2-b2/encoded_Group2_IMG_0195.jpg,0,encoded_Group2_IMG_0195.jpg,,,,,,,,,0.0,85.0,85.0,85.0,,,,,,,,,,,,,,,,,,,,,,,,,,,,,,,,,2932.514457589016,None,2932.514457589016,None,2932.514457589016,None,5.0,1.6247415269026533,2932.514457589016,None,2932.514457589016,None,4.0,2.0469417419517413,2933.682954504969,None,2932.514457589016,None,5.0,5.384726798045449,2934.11467275396,None,2932.514457589016,None,space,0.0730022240895778,5.406642594141886,None,2932.514457589016,None,2932.514457589016,None,,,,,,,,,1,2022_Mar_31_1055,SAR-soap,2021.1.2,
241,Trial # 87,Group1-stimuli/group1-block2/fake-group2-b2/encoded_Group2_IMG_0494.jpg,0,encoded_Group2_IMG_0494.jpg,,,,,,,,,0.0,86.0,86.0,86.0,,,,,,,,,,,,,,,,,,,,,,,,,,,,,,,,,2938.033245005994,None,2938.033245005994,None,2938.033245005994,None,1.0,1.5147796659730377,2938.033245005994,None,2938.033245005994,None,1.0,1.8022837010212245,2939.100788500044,None,2938.033245005994,None,1.0,2.14337255503051,2939.400399634964,None,2938.033245005994,None,space,0.1890030750073492,2.169175644521601,None,2938.033245005994,None,2938.033245005994,None,,,,,,,,,1,2022_Mar_31_1055,SAR-soap,2021.1.2,
242,Trial # 88,Group1-stimuli/group1-block2/real-group1-b2/Group1_IMG_0509.jpg,1,Group1_IMG_0509.jpg,,,,,,,,,0.0,87.0,87.0,87.0,,,,,,,,,,,,,,,,,,,,,,,,,,,,,,,,,2940.433402115945,None,2940.433402115945,None,2940.433402115945,None,5.0,1.5931021419819444,2940.433402115945,None,2940.433402115945,None,5.0,3.116808746941388,2941.5667689390248,None,2940.433402115945,None,6.0,4.1223679929971695,2943.101160924998,None,2940.433402115945,None,space,0.059791586943902,4.146529589430429,None,2940.433402115945,None,2940.433402115945,None,,,,,,,,,1,2022_Mar_31_1055,SAR-soap,2021.1.2,
243,Trial # 89,Group1-stimuli/group1-block2/fake-group2-b2/encoded_Group2_IMG_8924.jpg,0,encoded_Group2_IMG_8924.jpg,,,,,,,,,0.0,88.0,88.0,88.0,,,,,,,,,,,,,,,,,,,,,,,,,,,,,,,,,2944.668747519958,None,2944.668747519958,None,2944.668747519958,None,5.0,2.1358704050071537,2944.668747519958,None,2944.668747519958,None,6.0,2.6583976770052686,2946.3524292870425,None,2944.668747519958,None,5.0,3.530300898011774,2946.885117133963,None,2944.668747519958,None,space,0.1375161919277161,3.564125436125323,None,2944.668747519958,None,2944.668747519958,None,,,,,,,,,1,2022_Mar_31_1055,SAR-soap,2021.1.2,
244,Trial # 90,Group1-stimuli/group1-block2/real-group1-b2/Group1_IMG_0360.jpg,1,Group1_IMG_0360.jpg,,,,,,,,,0.0,89.0,89.0,89.0,,,,,,,,,,,,,,,,,,,,,,,,,,,,,,,,,2948.4200110899983,None,2948.4200110899983,None,2948.4200110899983,None,2.0,2.429075406049378,2948.4200110899983,None,2948.4200110899983,None,2.0,4.651122379000299,2950.403177250992,None,2948.4200110899983,None,4.0,5.924935454968363,2952.6363701509545,None,2948.4200110899983,None,space,0.1526827130001038,5.952959287213162,None,2948.4200110899983,None,2948.4200110899983,None,,,,,,,,,1,2022_Mar_31_1055,SAR-soap,2021.1.2,
245,Trial # 91,Group1-stimuli/group1-block2/fake-group2-b2/encoded_Group2_IMG_0523.jpg,0,encoded_Group2_IMG_0523.jpg,,,,,,,,,0.0,90.0,90.0,90.0,,,,,,,,,,,,,,,,,,,,,,,,,,,,,,,,,2954.5540426699445,None,2954.5540426699445,None,2954.5540426699445,None,4.0,1.5292525759432465,2954.5540426699445,None,2954.5540426699445,None,6.0,3.2339210369391367,2955.6382776279934,None,2954.5540426699445,None,5.0,4.3404533109860495,2957.355030972045,None,2954.5540426699445,None,space,0.0653019429882988,4.368937032413669,None,2954.5540426699445,None,2954.5540426699445,None,,,,,,,,,1,2022_Mar_31_1055,SAR-soap,2021.1.2,
246,Trial # 92,Group1-stimuli/group1-block2/real-group1-b2/Group1_IMG_0518.jpg,1,Group1_IMG_0518.jpg,,,,,,,,,0.0,91.0,91.0,91.0,,,,,,,,,,,,,,,,,,,,,,,,,,,,,,,,,2959.0224306959426,None,2959.0224306959426,None,2959.0224306959426,None,5.0,2.383250443963334,2959.0224306959426,None,2959.0224306959426,None,6.0,3.906313863000833,2960.9573061709525,None,2959.0224306959426,None,4.0,5.579558567027561,2962.4895017859526,None,2959.0224306959426,None,space,0.13164338900242,5.612184594152495,None,2959.0224306959426,None,2959.0224306959426,None,,,,,,,,,1,2022_Mar_31_1055,SAR-soap,2021.1.2,
247,Trial # 93,Group1-stimuli/group1-block2/fake-group2-b2/encoded_Group2_IMG_0372.jpg,0,encoded_Group2_IMG_0372.jpg,,,,,,,,,0.0,92.0,92.0,92.0,,,,,,,,,,,,,,,,,,,,,,,,,,,,,,,,,2964.774306901032,None,2964.774306901032,None,2964.774306901032,None,1.0,1.661985700018704,2964.774306901032,None,2964.774306901032,None,1.0,2.5850555180804804,2965.991547695943,None,2964.774306901032,None,1.0,3.188882248941809,2966.92474259797,None,2964.774306901032,None,space,0.1814905409701168,3.2174848103895783,None,2964.774306901032,None,2964.774306901032,None,,,,,,,,,1,2022_Mar_31_1055,SAR-soap,2021.1.2,
248,Trial # 94,Group1-stimuli/group1-block2/fake-group2-b2/encoded_Group2_IMG_9761.jpg,0,encoded_Group2_IMG_9761.jpg,,,,,,,,,0.0,93.0,93.0,93.0,,,,,,,,,,,,,,,,,,,,,,,,,,,,,,,,,2968.208560607978,None,2968.208560607978,None,2968.208560607978,None,4.0,11.449414766044356,2968.208560607978,None,2968.208560607978,None,5.0,12.654574468033388,2969.92576452496,None,2968.208560607978,None,5.0,19.29586328600999,2979.196500477963,None,2968.208560607978,None,space,0.2339364819927141,19.32319973851554,None,2968.208560607978,None,2968.208560607978,None,,,,,,,,,1,2022_Mar_31_1055,SAR-soap,2021.1.2,
249,Trial # 95,Group1-stimuli/group1-block2/real-group1-b2/Group1_IMG_2690.jpg,1,Group1_IMG_2690.jpg,,,,,,,,,0.0,94.0,94.0,94.0,,,,,,,,,,,,,,,,,,,,,,,,,,,,,,,,,2987.8486364439595,None,2987.8486364439595,None,2987.8486364439595,None,1.0,1.9133274629712105,2987.8486364439595,None,2987.8486364439595,None,1.0,2.369406878016889,2989.3152820030227,None,2987.8486364439595,None,1.0,3.275142553029582,2989.7824011029443,None,2987.8486364439595,None,space,0.5226080979919061,3.03573799575679,None,2987.8486364439595,None,2987.8486364439595,None,,,,,,,,,1,2022_Mar_31_1055,SAR-soap,2021.1.2,
250,Trial # 96,Group1-stimuli/group1-block2/real-group1-b2/Group1_IMG_9855.jpg,1,Group1_IMG_9855.jpg,,,,,,,,,0.0,95.0,95.0,95.0,,,,,,,,,,,,,,,,,,,,,,,,,,,,,,,,,2991.4654473989503,None,2991.4654473989503,None,2991.4654473989503,None,1.0,1.6235942939529195,2991.4654473989503,None,2991.4654473989503,None,1.0,2.0801373270805925,2992.6325045099948,None,2991.4654473989503,None,1.0,2.9195223440183327,2993.100658991025,None,2991.4654473989503,None,space,0.1715634890133515,2.9395868851570413,None,2991.4654473989503,None,2991.4654473989503,None,,,,,,,,,1,2022_Mar_31_1055,SAR-soap,2021.1.2,
251,Trial # 97,Group1-stimuli/group1-block2/fake-group2-b2/encoded_Group2_IMG_0470.jpg,0,encoded_Group2_IMG_0470.jpg,,,,,,,,,0.0,96.0,96.0,96.0,,,,,,,,,,,,,,,,,,,,,,,,,,,,,,,,,2994.633887051954,None,2994.633887051954,None,2994.633887051954,None,1.0,1.518035214045085,2994.633887051954,None,2994.633887051954,None,1.0,2.007248961017467,2995.700299056014,None,2994.633887051954,None,1.0,2.446547301020473,2996.2001017499715,None,2994.633887051954,None,space,0.0961483120918273,2.4794872761704028,None,2994.633887051954,None,2994.633887051954,None,,,,,,,,,1,2022_Mar_31_1055,SAR-soap,2021.1.2,
252,Trial # 98,Group1-stimuli/group1-block2/fake-group2-b2/encoded_Group2_IMG_1191.jpg,0,encoded_Group2_IMG_1191.jpg,,,,,,,,,0.0,97.0,97.0,97.0,,,,,,,,,,,,,,,,,,,,,,,,,,,,,,,,,2997.217347702943,None,2997.217347702943,None,2997.217347702943,None,3.0,1.5298989170696586,2997.217347702943,None,2997.217347702943,None,3.0,2.8200296240393072,2998.3026864200365,None,2997.217347702943,None,3.0,4.65872640395537,2999.60271696595,None,2997.217347702943,None,space,0.038582400069572,4.686226406483911,None,2997.217347702943,None,2997.217347702943,None,,,,,,,,,1,2022_Mar_31_1055,SAR-soap,2021.1.2,
253,Trial # 99,Group1-stimuli/group1-block2/real-group1-b2/Group1_IMG_9937.jpg,1,Group1_IMG_9937.jpg,,,,,,,,,0.0,98.0,98.0,98.0,,,,,,,,,,,,,,,,,,,,,,,,,,,,,,,,,3002.0182821230264,None,3002.0182821230264,None,3002.0182821230264,None,1.0,1.6959742000326514,3002.0182821230264,None,3002.0182821230264,None,1.0,2.452329266932793,3003.254294532002,None,3002.0182821230264,None,1.0,2.923378317966126,3004.020038587041,None,3002.0182821230264,None,space,0.2032993290340528,2.9500822350382805,None,3002.0182821230264,None,3002.0182821230264,None,,,,,,,,,1,2022_Mar_31_1055,SAR-soap,2021.1.2,
254,Trial # 100,Group1-stimuli/group1-block2/fake-group2-b2/encoded_Group2_IMG_0106.jpg,0,encoded_Group2_IMG_0106.jpg,,,,,,,,,0.0,99.0,99.0,99.0,,,,,,,,,,,,,,,,,,,,,,,,,,,,,,,,,3005.220761077013,None,3005.220761077013,None,3005.220761077013,None,1.0,3.894910376984626,3005.220761077013,None,3005.220761077013,None,1.0,5.185993299004622,3008.6554116579937,None,3005.220761077013,None,1.0,5.82177544105798,3009.955938559025,None,3005.220761077013,None,space,0.3486662229988724,5.850356620387174,None,3005.220761077013,None,3005.220761077013,None,,,,,,,,,1,2022_Mar_31_1055,SAR-soap,2021.1.2,
255,Trial # 101,Group1-stimuli/group1-block2/real-group1-b2/Group1_IMG_2790.jpg,1,Group1_IMG_2790.jpg,,,,,,,,,0.0,100.0,100.0,100.0,,,,,,,,,,,,,,,,,,,,,,,,,,,,,,,,,3011.454972570995,None,3011.454972570995,None,3011.454972570995,None,1.0,1.7271679430268705,3011.454972570995,None,3011.454972570995,None,1.0,2.349674482014961,3012.72346354404,None,3011.454972570995,None,1.0,2.72069567500148,3013.35672646598,None,3011.454972570995,None,space,0.518016068963334,2.746963367331773,None,3011.454972570995,None,3011.454972570995,None,,,,,,,,,1,2022_Mar_31_1055,SAR-soap,2021.1.2,
256,Trial # 102,Group1-stimuli/group1-block2/real-group1-b2/Group1_IMG_9792.jpg,1,Group1_IMG_9792.jpg,,,,,,,,,0.0,101.0,101.0,101.0,,,,,,,,,,,,,,,,,,,,,,,,,,,,,,,,,3014.756867042044,None,3014.756867042044,None,3014.756867042044,None,1.0,2.3975146010052413,3014.756867042044,None,3014.756867042044,None,1.0,2.9520012999419123,3016.706647727988,None,3014.756867042044,None,1.0,3.458072293084115,3017.073155359016,None,3014.756867042044,None,space,0.1469461129745468,3.487671753042377,None,3014.756867042044,None,3014.756867042044,None,,,,,,,,,1,2022_Mar_31_1055,SAR-soap,2021.1.2,
257,Trial # 103,Group1-stimuli/group1-block2/real-group1-b2/Group1_IMG_1640.jpg,1,Group1_IMG_1640.jpg,,,,,,,,,0.0,102.0,102.0,102.0,,,,,,,,,,,,,,,,,,,,,,,,,,,,,,,,,3018.440825806,None,3018.440825806,None,3018.440825806,None,5.0,3.993198751937598,3018.440825806,None,3018.440825806,None,6.0,5.800352387013845,3019.4419185719453,None,3018.440825806,None,4.0,6.971968404948711,3023.793464957038,None,3018.440825806,None,space,0.1944310601102188,6.9962376684416085,None,3018.440825806,None,3018.440825806,None,,,,,,,,,1,2022_Mar_31_1055,SAR-soap,2021.1.2,
258,Trial # 104,Group1-stimuli/group1-block2/real-group1-b2/Group1_IMG_0033.jpg,1,Group1_IMG_0033.jpg,,,,,,,,,0.0,103.0,103.0,103.0,,,,,,,,,,,,,,,,,,,,,,,,,,,,,,,,,3025.659182967036,None,3025.659182967036,None,3025.659182967036,None,5.0,2.175974490004592,3025.659182967036,None,3025.659182967036,None,7.0,2.899310462991707,3027.377055149991,None,3025.659182967036,None,5.0,3.537623148993589,3028.1114567249315,None,3025.659182967036,None,space,2.329182742047124,3.5606364044360816,None,3025.659182967036,None,3025.659182967036,None,,,,,,,,,1,2022_Mar_31_1055,SAR-soap,2021.1.2,
259,Trial # 105,Group1-stimuli/group1-block2/real-group1-b2/Group1_IMG_0079.jpg,1,Group1_IMG_0079.jpg,,,,,,,,,0.0,104.0,104.0,104.0,,,,,,,,,,,,,,,,,,,,,,,,,,,,,,,,,3031.577782060951,None,3031.577782060951,None,3031.577782060951,None,4.0,32.144488674006425,3031.577782060951,None,3031.577782060951,None,3.0,33.200744895963,3063.2723912369693,None,3031.577782060951,None,4.0,34.10610672610346,3064.339196678018,None,3031.577782060951,None,space,0.7155516099883243,34.138117615133524,None,3031.577782060951,None,3031.577782060951,None,,,,,,,,,1,2022_Mar_31_1055,SAR-soap,2021.1.2,
260,Trial # 106,Group1-stimuli/group1-block2/fake-group2-b2/encoded_Group2_IMG_9909.jpg,0,encoded_Group2_IMG_9909.jpg,,,,,,,,,0.0,105.0,105.0,105.0,,,,,,,,,,,,,,,,,,,,,,,,,,,,,,,,,3066.489354670979,None,3066.489354670979,None,3066.489354670979,None,1.0,1.6686013849684969,3066.489354670979,None,3066.489354670979,None,1.0,1.958197000902146,3067.707170334994,None,3066.489354670979,None,1.0,2.430861118948087,3068.006855785963,None,3066.489354670979,None,space,0.3843011540593579,2.462412553839385,None,3066.489354670979,None,3066.489354670979,None,,,,,,,,,1,2022_Mar_31_1055,SAR-soap,2021.1.2,
261,Trial # 107,Group1-stimuli/group1-block2/fake-group2-b2/encoded_Group2_IMG_0398.jpg,0,encoded_Group2_IMG_0398.jpg,,,,,,,,,0.0,106.0,106.0,106.0,,,,,,,,,,,,,,,,,,,,,,,,,,,,,,,,,3069.35697076004,None,3069.35697076004,None,3069.35697076004,None,3.0,4.262372342986055,3069.35697076004,None,3069.35697076004,None,2.0,3.20079812197946,3070.5903911680216,None,3069.35697076004,None,2.0,5.406506250030361,3072.123834516038,None,3069.35697076004,None,space,0.148051367024891,5.4342674993677065,None,3069.35697076004,None,3069.35697076004,None,,,,,,,,,1,2022_Mar_31_1055,SAR-soap,2021.1.2,
262,Trial # 108,Group1-stimuli/group1-block2/real-group1-b2/Group1_IMG_4268.jpg,1,Group1_IMG_4268.jpg,,,,,,,,,0.0,107.0,107.0,107.0,,,,,,,,,,,,,,,,,,,,,,,,,,,,,,,,,3074.991411071038,None,3074.991411071038,None,3074.991411071038,None,5.0,5.665010842029005,3074.991411071038,None,3074.991411071038,None,4.0,4.137768115033396,3077.993918147986,None,3074.991411071038,None,4.0,9.71218867506832,3078.6937584700063,None,3074.991411071038,None,space,-0.8040390060050413,9.739098356105387,None,3074.991411071038,None,3074.991411071038,None,,,,,,,,,1,2022_Mar_31_1055,SAR-soap,2021.1.2,
263,Trial # 109,Group1-stimuli/group1-block2/fake-group2-b2/encoded_Group2_IMG_9321.jpg,0,encoded_Group2_IMG_9321.jpg,,,,,,,,,0.0,108.0,108.0,108.0,,,,,,,,,,,,,,,,,,,,,,,,,,,,,,,,,3084.744178929017,None,3084.744178929017,None,3084.744178929017,None,3.0,6.84831845399458,3084.744178929017,None,3084.744178929017,None,4.0,9.037184760905802,3091.147593694041,None,3084.744178929017,None,6.0,11.475480332039297,3093.3482453849865,None,3084.744178929017,None,space,-8.555081232916564,11.504475733381696,None,3084.744178929017,None,3084.744178929017,None,,,,,,,,,1,2022_Mar_31_1055,SAR-soap,2021.1.2,
264,Trial # 110,Group1-stimuli/group1-block2/fake-group2-b2/encoded_Group2_IMG_9964.jpg,0,encoded_Group2_IMG_9964.jpg,,,,,,,,,0.0,109.0,109.0,109.0,,,,,,,,,,,,,,,,,,,,,,,,,,,,,,,,,3096.2649919879623,None,3096.2649919879623,None,3096.2649919879623,None,2.0,6.581545180059038,3096.2649919879623,None,3096.2649919879623,None,3.0,10.955673979013229,3102.399907715968,None,3096.2649919879623,None,2.0,13.39486321003642,3106.785102816997,None,3096.2649919879623,None,space,-5.824966229032725,13.422535601304844,None,3096.2649919879623,None,3096.2649919879623,None,,,,,,,,,1,2022_Mar_31_1055,SAR-soap,2021.1.2,
265,Trial # 111,Group1-stimuli/group1-block2/real-group1-b2/Group1_IMG_0329.jpg,1,Group1_IMG_0329.jpg,,,,,,,,,0.0,110.0,110.0,110.0,,,,,,,,,,,,,,,,,,,,,,,,,,,,,,,,,3109.735976777971,None,3109.735976777971,None,3109.735976777971,None,1.0,8.893333896063268,3109.735976777971,None,3109.735976777971,None,2.0,10.24962900695391,3118.1731281699613,None,3109.735976777971,None,1.0,10.987890238058752,3119.538952791947,None,3109.735976777971,None,space,0.4098585749743506,11.0100839571096,None,3109.735976777971,None,3109.735976777971,None,,,,,,,,,1,2022_Mar_31_1055,SAR-soap,2021.1.2,
266,Trial # 112,Group1-stimuli/group1-block2/fake-group2-b2/encoded_Group2_IMG_0534.jpg,0,encoded_Group2_IMG_0534.jpg,,,,,,,,,0.0,111.0,111.0,111.0,,,,,,,,,,,,,,,,,,,,,,,,,,,,,,,,,3121.238962766947,None,3121.238962766947,None,3121.238962766947,None,2.0,2.145056611974724,3121.238962766947,None,3121.238962766947,None,4.0,5.667810046928935,3122.924558580038,None,3121.238962766947,None,2.0,6.338677798048593,3126.458085795981,None,3121.238962766947,None,space,0.2137532639317214,6.364858619868755,None,3121.238962766947,None,3121.238962766947,None,,,,,,,,,1,2022_Mar_31_1055,SAR-soap,2021.1.2,
267,Trial # 113,Group1-stimuli/group1-block2/fake-group2-b2/encoded_Group2_IMG_0054.jpg,0,encoded_Group2_IMG_0054.jpg,,,,,,,,,0.0,112.0,112.0,112.0,,,,,,,,,,,,,,,,,,,,,,,,,,,,,,,,,3127.840945021948,None,3127.840945021948,None,3127.840945021948,None,1.0,1.981865999987349,3127.840945021948,None,3127.840945021948,None,1.0,2.2871229669544846,3129.360142796999,None,3127.840945021948,None,1.0,2.6597336078993976,3129.6926099589327,None,3127.840945021948,None,space,0.4793793120188638,2.6867502183886245,None,3127.840945021948,None,3127.840945021948,None,,,,,,,,,1,2022_Mar_31_1055,SAR-soap,2021.1.2,
268,Trial # 114,Group1-stimuli/group1-block2/real-group1-b2/Group1_IMG_9979.jpg,1,Group1_IMG_9979.jpg,,,,,,,,,0.0,113.0,113.0,113.0,,,,,,,,,,,,,,,,,,,,,,,,,,,,,,,,,3131.058996484964,None,3131.058996484964,None,3131.058996484964,None,5.0,3.6603497250471264,3131.058996484964,None,3131.058996484964,None,6.0,5.500414300011471,3134.2609533530194,None,3131.058996484964,None,7.0,6.104609756963328,3136.110443628044,None,3131.058996484964,None,space,0.2677073889644816,6.1288356323493645,None,3131.058996484964,None,3131.058996484964,None,,,,,,,,,1,2022_Mar_31_1055,SAR-soap,2021.1.2,
269,Trial # 115,Group1-stimuli/group1-block2/real-group1-b2/Group1_IMG_0170.jpg,1,Group1_IMG_0170.jpg,,,,,,,,,0.0,114.0,114.0,114.0,,,,,,,,,,,,,,,,,,,,,,,,,,,,,,,,,3137.5108267930336,None,3137.5108267930336,None,3137.5108267930336,None,5.0,29.450586340972222,3137.5108267930336,None,3137.5108267930336,None,5.0,33.59092029603198,3166.5028093890287,None,3137.5108267930336,None,5.0,34.16321622102987,3170.654297536937,None,3137.5108267930336,None,space,0.2849630770506337,34.18657041050028,None,3137.5108267930336,None,3137.5108267930336,None,,,,,,,,,1,2022_Mar_31_1055,SAR-soap,2021.1.2,
270,Trial # 116,Group1-stimuli/group1-block2/fake-group2-b2/encoded_Group2_IMG_0007.jpg,0,encoded_Group2_IMG_0007.jpg,,,,,,,,,0.0,115.0,115.0,115.0,,,,,,,,,,,,,,,,,,,,,,,,,,,,,,,,,3172.004973071977,None,3172.004973071977,None,3172.004973071977,None,4.0,2.931246908963658,3172.004973071977,None,3172.004973071977,None,6.0,3.586417504004203,3174.4900961170206,None,3172.004973071977,None,4.0,4.524176572100259,3175.155551083968,None,3172.004973071977,None,space,0.1765824169851839,4.552680701483041,None,3172.004973071977,None,3172.004973071977,None,,,,,,,,,1,2022_Mar_31_1055,SAR-soap,2021.1.2,
271,Trial # 117,Group1-stimuli/group1-block2/real-group1-b2/Group1_IMG_0192.jpg,1,Group1_IMG_0192.jpg,,,,,,,,,0.0,116.0,116.0,116.0,,,,,,,,,,,,,,,,,,,,,,,,,,,,,,,,,3176.789690669044,None,3176.789690669044,None,3176.789690669044,None,5.0,3.0096497900085524,3176.789690669044,None,3176.789690669044,None,7.0,5.049255053978413,3179.341850226978,None,3176.789690669044,None,4.0,7.020669914898463,3181.3908011979656,None,3176.789690669044,None,space,0.099555280059576,7.044101009494625,None,3176.789690669044,None,3176.789690669044,None,,,,,,,,,1,2022_Mar_31_1055,SAR-soap,2021.1.2,
272,Trial # 118,Group1-stimuli/group1-block2/real-group1-b2/Group1_IMG_9786.jpg,1,Group1_IMG_9786.jpg,,,,,,,,,0.0,117.0,117.0,117.0,,,,,,,,,,,,,,,,,,,,,,,,,,,,,,,,,3183.959235852933,None,3183.959235852933,None,3183.959235852933,None,4.0,2.7787938920082524,3183.959235852933,None,3183.959235852933,None,6.0,12.870877971989104,3186.2924138569506,None,3183.959235852933,None,5.0,14.07641216099728,3196.3954536250094,None,3183.959235852933,None,space,1.4623455569380894,14.10459425917361,None,3183.959235852933,None,3183.959235852933,None,,,,,,,,,1,2022_Mar_31_1055,SAR-soap,2021.1.2,
273,Trial # 119,Group1-stimuli/group1-block2/real-group1-b2/Group1_IMG_0187.jpg,1,Group1_IMG_0187.jpg,,,,,,,,,0.0,118.0,118.0,118.0,,,,,,,,,,,,,,,,,,,,,,,,,,,,,,,,,3199.596402472001,None,3199.596402472001,None,3199.596402472001,None,4.0,1.8307667969493195,3199.596402472001,None,3199.596402472001,None,5.0,5.555298640043475,3200.963655792992,None,3199.596402472001,None,4.0,7.626690707053058,3201.7632787899347,None,3199.596402472001,None,space,0.2119364470709115,7.647012934088707,None,3199.596402472001,None,3199.596402472001,None,,,,,,,,,1,2022_Mar_31_1055,SAR-soap,2021.1.2,
274,Trial # 120,Group1-stimuli/group1-block2/fake-group2-b2/encoded_Group2_IMG_0249.jpg,0,encoded_Group2_IMG_0249.jpg,,,,,,,,,0.0,119.0,119.0,119.0,,,,,,,,,,,,,,,,,,,,,,,,,,,,,,,,,3207.4986425089883,None,3207.4986425089883,None,3207.4986425089883,None,1.0,1.6029470410430804,3207.4986425089883,None,3207.4986425089883,None,1.0,1.958676128997468,3208.6505760350265,None,3207.4986425089883,None,1.0,2.5964454979402944,3209.0161720160395,None,3207.4986425089883,None,space,0.8246668690117076,2.398050172138028,None,3207.4986425089883,None,3207.4986425089883,None,,,,,,,,,1,2022_Mar_31_1055,SAR-soap,2021.1.2,
275,Trial # 121,Group1-stimuli/group1-block2/fake-group2-b2/encoded_Group2_IMG_0074.jpg,0,encoded_Group2_IMG_0074.jpg,,,,,,,,,0.0,120.0,120.0,120.0,,,,,,,,,,,,,,,,,,,,,,,,,,,,,,,,,3210.734031385975,None,3210.734031385975,None,3210.734031385975,None,3.0,4.863901876029559,3210.734031385975,None,3210.734031385975,None,2.0,6.386627614032477,3215.152710585972,None,3210.734031385975,None,4.0,8.193354179034941,3216.6849581890274,None,3210.734031385975,None,space,1.1318980400683358,8.22029990144074,None,3210.734031385975,None,3210.734031385975,None,,,,,,,,,1,2022_Mar_31_1055,SAR-soap,2021.1.2,
276,Trial # 122,Group1-stimuli/group1-block2/real-group1-b2/Group1_IMG_0243.jpg,1,Group1_IMG_0243.jpg,,,,,,,,,0.0,121.0,121.0,121.0,,,,,,,,,,,,,,,,,,,,,,,,,,,,,,,,,3220.11936516501,None,3220.11936516501,None,3220.11936516501,None,1.0,2.1095466599799693,3220.11936516501,None,3220.11936516501,None,1.0,3.897992450976744,3221.770122642978,None,3220.11936516501,None,1.0,4.370673264027573,3223.570993706933,None,3220.11936516501,None,space,-3.3080503279343247,4.394668426481076,None,3220.11936516501,None,3220.11936516501,None,,,,,,,,,1,2022_Mar_31_1055,SAR-soap,2021.1.2,
277,Trial # 123,Group1-stimuli/group1-block2/real-group1-b2/Group1_IMG_0130.jpg,1,Group1_IMG_0130.jpg,,,,,,,,,0.0,122.0,122.0,122.0,,,,,,,,,,,,,,,,,,,,,,,,,,,,,,,,,3224.53797933599,None,3224.53797933599,None,3224.53797933599,None,1.0,1.6956421510549262,3224.53797933599,None,3224.53797933599,None,1.0,2.4505910080624744,3225.7880615430186,None,3224.53797933599,None,1.0,3.123110324027948,3226.554747854941,None,3224.53797933599,None,space,-1.243663081899285,3.1500737242167816,None,3224.53797933599,None,3224.53797933599,None,,,,,,,,,1,2022_Mar_31_1055,SAR-soap,2021.1.2,
278,Trial # 124,Group1-stimuli/group1-block2/real-group1-b2/Group1_IMG_0298.jpg,1,Group1_IMG_0298.jpg,,,,,,,,,0.0,123.0,123.0,123.0,,,,,,,,,,,,,,,,,,,,,,,,,,,,,,,,,3227.721049558022,None,3227.721049558022,None,3227.721049558022,None,5.0,8.934953786898404,3227.721049558022,None,3227.721049558022,None,6.0,5.039143439964391,3231.624063928961,None,3227.721049558022,None,3.0,7.246202953043394,3232.323358693975,None,3227.721049558022,None,space,1.9728958449559288,7.276561253122054,None,3227.721049558022,None,3227.721049558022,None,,,,,,,,,1,2022_Mar_31_1055,SAR-soap,2021.1.2,
279,Trial # 125,Group1-stimuli/group1-block2/real-group1-b2/Group1_IMG_5871.jpg,1,Group1_IMG_5871.jpg,,,,,,,,,0.0,124.0,124.0,124.0,,,,,,,,,,,,,,,,,,,,,,,,,,,,,,,,,3237.025048258016,None,3237.025048258016,None,3237.025048258016,None,1.0,1.698572785011493,3237.025048258016,None,3237.025048258016,None,1.0,2.453812932013534,3238.2761139189824,None,3237.025048258016,None,1.0,2.859154487960041,3239.042276366032,None,3237.025048258016,None,space,0.3274891290348023,2.888218002161011,None,3237.025048258016,None,3237.025048258016,None,,,,,,,,,1,2022_Mar_31_1055,SAR-soap,2021.1.2,
280,Trial # 126,Group1-stimuli/group1-block2/fake-group2-b2/encoded_Group2_IMG_0479.jpg,0,encoded_Group2_IMG_0479.jpg,,,,,,,,,0.0,125.0,125.0,125.0,,,,,,,,,,,,,,,,,,,,,,,,,,,,,,,,,3240.276023244951,None,3240.276023244951,None,3240.276023244951,None,1.0,1.414955780026503,3240.276023244951,None,3240.276023244951,None,1.0,2.002789802034385,3241.242770015029,None,3240.276023244951,None,1.0,2.5080096159363165,3241.8426115899347,None,3240.276023244951,None,space,0.1870240640128031,2.5374871842795983,None,3240.276023244951,None,3240.276023244951,None,,,,,,,,,1,2022_Mar_31_1055,SAR-soap,2021.1.2,
281,Trial # 127,Group1-stimuli/group1-block2/fake-group2-b2/encoded_Group2_IMG_4971.jpg,0,encoded_Group2_IMG_4971.jpg,,,,,,,,,0.0,126.0,126.0,126.0,,,,,,,,,,,,,,,,,,,,,,,,,,,,,,,,,3243.0269099619472,None,3243.0269099619472,None,3243.0269099619472,None,3.0,4.79908708203584,3243.0269099619472,None,3243.0269099619472,None,7.0,5.355730272014625,3247.378216704936,None,3243.0269099619472,None,5.0,6.493865124997683,3247.9449385210173,None,3243.0269099619472,None,space,0.1788285980001092,6.521706732455641,None,3243.0269099619472,None,3243.0269099619472,None,,,,,,,,,1,2022_Mar_31_1055,SAR-soap,2021.1.2,
282,Trial # 128,Group1-stimuli/group1-block2/real-group1-b2/Group1_IMG_0173.jpg,1,Group1_IMG_0173.jpg,,,,,,,,,0.0,127.0,127.0,127.0,,,,,,,,,,,,,,,,,,,,,,,,,,,,,,,,,3249.795227930997,None,3249.795227930997,None,3249.795227930997,None,1.0,1.6115586120868102,3249.795227930997,None,3249.795227930997,None,1.0,2.0678211249178275,3250.946064032032,None,3249.795227930997,None,1.0,2.5047590450849384,3251.412599917967,None,3249.795227930997,None,space,0.1319943530252203,2.53297169902362,None,3249.795227930997,None,3249.795227930997,None,,,,,,,,,1,2022_Mar_31_1055,SAR-soap,2021.1.2,
283,Trial # 129,Group1-stimuli/group1-block2/real-group1-b2/Group1_IMG_0213.jpg,1,Group1_IMG_0213.jpg,,,,,,,,,0.0,128.0,128.0,128.0,,,,,,,,,,,,,,,,,,,,,,,,,,,,,,,,,3252.47972196294,None,3252.47972196294,None,3252.47972196294,None,1.0,1.8452395249623803,3252.47972196294,None,3252.47972196294,None,1.0,2.301261969958432,3253.864113786025,None,3252.47972196294,None,1.0,3.007288021966815,3254.330614523962,None,3252.47972196294,None,space,0.1783195149619132,3.0325277524534613,None,3252.47972196294,None,3252.47972196294,None,,,,,,,,,1,2022_Mar_31_1055,SAR-soap,2021.1.2,
284,Trial # 130,Group1-stimuli/group1-block2/fake-group2-b2/encoded_Group2_IMG_0260.jpg,0,encoded_Group2_IMG_0260.jpg,,,,,,,,,0.0,129.0,129.0,129.0,,,,,,,,,,,,,,,,,,,,,,,,,,,,,,,,,3255.73075188999,None,3255.73075188999,None,3255.73075188999,None,4.0,1.698713076999411,3255.73075188999,None,3255.73075188999,None,5.0,3.389853449072689,3256.9817164039705,None,3255.73075188999,None,7.0,4.860783295007423,3258.6825927930186,None,3255.73075188999,None,space,0.164438197039999,4.893520009121858,None,3255.73075188999,None,3255.73075188999,None,,,,,,,,,1,2022_Mar_31_1055,SAR-soap,2021.1.2,
285,Trial # 131,Group1-stimuli/group1-block2/fake-group2-b2/encoded_Group2_IMG_7291.jpg,0,encoded_Group2_IMG_7291.jpg,,,,,,,,,0.0,130.0,130.0,130.0,,,,,,,,,,,,,,,,,,,,,,,,,,,,,,,,,3260.7985082479427,None,3260.7985082479427,None,3260.7985082479427,None,3.0,3.2966384660685435,3260.7985082479427,None,3260.7985082479427,None,1.0,4.020186462090351,3263.6504723590333,None,3260.7985082479427,None,1.0,4.692256410024129,3264.384302270948,None,3260.7985082479427,None,space,0.6311890790238976,4.72026961739175,None,3260.7985082479427,None,3260.7985082479427,None,,,,,,,,,1,2022_Mar_31_1055,SAR-soap,2021.1.2,
286,Trial # 132,Group1-stimuli/group1-block2/fake-group2-b2/encoded_Group2_IMG_0176.jpg,0,encoded_Group2_IMG_0176.jpg,,,,,,,,,0.0,131.0,131.0,131.0,,,,,,,,,,,,,,,,,,,,,,,,,,,,,,,,,3266.1669978499413,None,3266.1669978499413,None,3266.1669978499413,None,1.0,2.2976908129639924,3266.1669978499413,None,3266.1669978499413,None,1.0,2.987119816010818,3268.018481938984,None,3266.1669978499413,None,1.0,3.3601864830125123,3268.718913457007,None,3266.1669978499413,None,space,0.204050985048525,3.3884259033948183,None,3266.1669978499413,None,3266.1669978499413,None,,,,,,,,,1,2022_Mar_31_1055,SAR-soap,2021.1.2,
287,Trial # 133,Group1-stimuli/group1-block2/real-group1-b2/Group1_IMG_9699.jpg,1,Group1_IMG_9699.jpg,,,,,,,,,0.0,132.0,132.0,132.0,,,,,,,,,,,,,,,,,,,,,,,,,,,,,,,,,3269.81856018398,None,3269.81856018398,None,3269.81856018398,None,1.0,1.4634297620505097,3269.81856018398,None,3269.81856018398,None,1.0,2.086264841957018,3270.8353218600387,None,3269.81856018398,None,1.0,2.6912451200187206,3271.468479280011,None,3269.81856018398,None,space,0.1644333630101755,2.720085830194876,None,3269.81856018398,None,3269.81856018398,None,,,,,,,,,1,2022_Mar_31_1055,SAR-soap,2021.1.2,
288,Trial # 134,Group1-stimuli/group1-block2/real-group1-b2/Group1_IMG_0381.jpg,1,Group1_IMG_0381.jpg,,,,,,,,,0.0,133.0,133.0,133.0,,,,,,,,,,,,,,,,,,,,,,,,,,,,,,,,,3272.734998581,None,3272.734998581,None,3272.734998581,None,2.0,5.99849822698161,3272.734998581,None,3272.734998581,None,2.0,6.454251194023527,3278.2882188969525,None,3272.734998581,None,3.0,8.025569422985427,3278.755081800045,None,3272.734998581,None,space,0.2405910260276869,8.05340803717263,None,3272.734998581,None,3272.734998581,None,,,,,,,,,1,2022_Mar_31_1055,SAR-soap,2021.1.2,
289,Trial # 135,Group1-stimuli/group1-block2/real-group1-b2/Group1_IMG_0309.jpg,1,Group1_IMG_0309.jpg,,,,,,,,,0.0,134.0,134.0,134.0,,,,,,,,,,,,,,,,,,,,,,,,,,,,,,,,,3281.0882929059444,None,3281.0882929059444,None,3281.0882929059444,None,4.0,2.310104525065981,3281.0882929059444,None,3281.0882929059444,None,4.0,4.34895652893465,3282.940108162933,None,3281.0882929059444,None,4.0,5.0545918280258775,3284.989873119979,None,3281.0882929059444,None,space,0.2163671229500323,5.079008154454641,None,3281.0882929059444,None,3281.0882929059444,None,,,,,,,,,1,2022_Mar_31_1055,SAR-soap,2021.1.2,
290,Trial # 136,Group1-stimuli/group1-block2/fake-group2-b2/encoded_Group2_IMG_0041.jpg,0,encoded_Group2_IMG_0041.jpg,,,,,,,,,0.0,135.0,135.0,135.0,,,,,,,,,,,,,,,,,,,,,,,,,,,,,,,,,3286.4232071399456,None,3286.4232071399456,None,3286.4232071399456,None,4.0,2.9720092460047454,3286.4232071399456,None,3286.4232071399456,None,6.0,6.077017309027724,3288.942356753978,None,3286.4232071399456,None,2.0,7.384574036928825,3292.058840216021,None,3286.4232071399456,None,space,0.1629318239865824,7.402583631454036,None,3286.4232071399456,None,3286.4232071399456,None,,,,,,,,,1,2022_Mar_31_1055,SAR-soap,2021.1.2,
291,Trial # 137,Group1-stimuli/group1-block2/real-group1-b2/Group1_IMG_0303.jpg,1,Group1_IMG_0303.jpg,,,,,,,,,0.0,136.0,136.0,136.0,,,,,,,,,,,,,,,,,,,,,,,,,,,,,,,,,3294.026730222045,None,3294.026730222045,None,3294.026730222045,None,6.0,3.0472891530953348,3294.026730222045,None,3294.026730222045,None,5.0,4.887180863996036,3296.626760010025,None,3294.026730222045,None,5.0,6.825803474057466,3298.477970734006,None,3294.026730222045,None,space,0.1666850099572911,6.854788615135476,None,3294.026730222045,None,3294.026730222045,None,,,,,,,,,1,2022_Mar_31_1055,SAR-soap,2021.1.2,
292,Trial # 138,Group1-stimuli/group1-block2/fake-group2-b2/encoded_Group2_IMG_0419.jpg,0,encoded_Group2_IMG_0419.jpg,,,,,,,,,0.0,137.0,137.0,137.0,,,,,,,,,,,,,,,,,,,,,,,,,,,,,,,,,3301.061140378937,None,3301.061140378937,None,3301.061140378937,None,5.0,2.463855935959145,3301.061140378937,None,3301.061140378937,None,6.0,3.5532484599389136,3303.079487322946,None,3301.061140378937,None,3.0,6.524788978043944,3304.179256940959,None,3301.061140378937,None,space,0.2720937000121921,6.554028708371334,None,3301.061140378937,None,3301.061140378937,None,,,,,,,,,1,2022_Mar_31_1055,SAR-soap,2021.1.2,
293,Trial # 139,Group1-stimuli/group1-block2/real-group1-b2/Group1_IMG_0384.jpg,1,Group1_IMG_0384.jpg,,,,,,,,,0.0,138.0,138.0,138.0,,,,,,,,,,,,,,,,,,,,,,,,,,,,,,,,,3307.947512420942,None,3307.947512420942,None,3307.947512420942,None,5.0,2.217585235950537,3307.947512420942,None,3307.947512420942,None,5.0,5.840339545975439,3309.7153469719924,None,3307.947512420942,None,5.0,6.712989127961919,3310.1472823109943,None,3307.947512420942,None,space,0.185616215923801,6.745112470001914,None,3307.947512420942,None,3307.947512420942,None,,,,,,,,,1,2022_Mar_31_1055,SAR-soap,2021.1.2,
294,Trial # 140,Group1-stimuli/group1-block2/real-group1-b2/Group1_IMG_0147.jpg,1,Group1_IMG_0147.jpg,,,,,,,,,0.0,139.0,139.0,139.0,,,,,,,,,,,,,,,,,,,,,,,,,,,,,,,,,3314.914949459024,None,3314.914949459024,None,3314.914949459024,None,7.0,2.797958801034838,3314.914949459024,None,3314.914949459024,None,6.0,4.489570199977607,3317.266161184991,None,3314.914949459024,None,6.0,5.2958216280676425,3318.9670710009523,None,3314.914949459024,None,space,0.3148380949860438,5.323996518156491,None,3314.914949459024,None,3314.914949459024,None,,,,,,,,,1,2022_Mar_31_1055,SAR-soap,2021.1.2,
295,Trial # 141,Group1-stimuli/group1-block2/real-group1-b2/Group1_IMG_9725.jpg,1,Group1_IMG_9725.jpg,,,,,,,,,0.0,140.0,140.0,140.0,,,,,,,,,,,,,,,,,,,,,,,,,,,,,,,,,3320.6001687539974,None,3320.6001687539974,None,3320.6001687539974,None,7.0,2.093004990951158,3320.6001687539974,None,3320.6001687539974,None,5.0,5.450203875079751,3322.2341688020388,None,3320.6001687539974,None,6.0,7.157368495943956,3323.0686911699595,None,3320.6001687539974,None,space,0.3557352669304237,7.179634244530462,None,3320.6001687539974,None,3320.6001687539974,None,,,,,,,,,1,2022_Mar_31_1055,SAR-soap,2021.1.2,
296,Trial # 142,Group1-stimuli/group1-block2/real-group1-b2/Group1_IMG_0341.jpg,1,Group1_IMG_0341.jpg,,,,,,,,,0.0,141.0,141.0,141.0,,,,,,,,,,,,,,,,,,,,,,,,,,,,,,,,,3328.170363866957,None,3328.170363866957,None,3328.170363866957,None,1.0,1.800127272028476,3328.170363866957,None,3328.170363866957,None,1.0,2.7542992940871045,3329.5209808440413,None,3328.170363866957,None,1.0,3.426769583951682,3330.486855497933,None,3328.170363866957,None,space,0.5604463970521465,3.454653018154204,None,3328.170363866957,None,3328.170363866957,None,,,,,,,,,1,2022_Mar_31_1055,SAR-soap,2021.1.2,
297,Trial # 143,Group1-stimuli/group1-block2/fake-group2-b2/encoded_Group2_IMG_0072.jpg,0,encoded_Group2_IMG_0072.jpg,,,,,,,,,0.0,142.0,142.0,142.0,,,,,,,,,,,,,,,,,,,,,,,,,,,,,,,,,3332.220599854016,None,3332.220599854016,None,3332.220599854016,None,4.0,6.619847631896846,3332.220599854016,None,3332.220599854016,None,4.0,8.110038754995912,3338.3900774780195,None,3332.220599854016,None,6.0,9.047462159069257,3339.889829076012,None,3332.220599854016,None,space,0.1385843260213732,9.08006222511176,None,3332.220599854016,None,3332.220599854016,None,,,,,,,,,1,2022_Mar_31_1055,SAR-soap,2021.1.2,
298,Trial # 144,Group1-stimuli/group1-block2/fake-group2-b2/encoded_Group2_IMG_0558.jpg,0,encoded_Group2_IMG_0558.jpg,,,,,,,,,0.0,143.0,143.0,143.0,,,,,,,,,,,,,,,,,,,,,,,,,,,,,,,,,3341.474013214,None,3341.474013214,None,3341.474013214,None,1.0,1.7460162439383566,3341.474013214,None,3341.474013214,None,1.0,2.6363311199238524,3342.7756415139884,None,3341.474013214,None,1.0,4.507316889008507,3343.6751119339606,None,3341.474013214,None,space,-0.9236173330573364,4.536217579501681,None,3341.474013214,None,3341.474013214,None,,,,,,,,,1,2022_Mar_31_1055,SAR-soap,2021.1.2,
299,Trial # 145,Group1-stimuli/group1-block2/real-group1-b2/Group1_IMG_0493.jpg,1,Group1_IMG_0493.jpg,,,,,,,,,0.0,144.0,144.0,144.0,,,,,,,,,,,,,,,,,,,,,,,,,,,,,,,,,3346.041606378043,None,3346.041606378043,None,3346.041606378043,None,1.0,1.6615041869226843,3346.041606378043,None,3346.041606378043,None,1.0,2.349466016050428,3347.242340857978,None,3346.041606378043,None,1.0,2.8219513000221923,3347.942929067998,None,3346.041606378043,None,space,0.7366318030981347,2.847282062517479,None,3346.041606378043,None,3346.041606378043,None,,,,,,,,,1,2022_Mar_31_1055,SAR-soap,2021.1.2,
300,Trial # 146,Group1-stimuli/group1-block2/fake-group2-b2/encoded_Group2_IMG_1715.jpg,0,encoded_Group2_IMG_1715.jpg,,,,,,,,,0.0,145.0,145.0,145.0,,,,,,,,,,,,,,,,,,,,,,,,,,,,,,,,,3349.675961736939,None,3349.675961736939,None,3349.675961736939,None,4.0,6.090102662914433,3349.675961736939,None,3349.675961736939,None,4.0,7.194242340978235,3350.876959176967,None,3349.675961736939,None,4.0,7.799932254943997,3352.559898911976,None,3349.675961736939,None,space,0.2294968040660023,7.8196455193683505,None,3349.675961736939,None,3349.675961736939,None,,,,,,,,,1,2022_Mar_31_1055,SAR-soap,2021.1.2,
301,Trial # 147,Group1-stimuli/group1-block2/fake-group2-b2/encoded_Group2_IMG_9807.jpg,0,encoded_Group2_IMG_9807.jpg,,,,,,,,,0.0,146.0,146.0,146.0,,,,,,,,,,,,,,,,,,,,,,,,,,,,,,,,,3357.745382694993,None,3357.745382694993,None,3357.745382694993,None,1.0,1.8148751149419693,3357.745382694993,None,3357.745382694993,None,1.0,2.236286256927997,3359.11360606004,None,3357.745382694993,None,1.0,2.641600136994384,3359.5469434850384,None,3357.745382694993,None,space,0.1920347909908741,2.6692233342910185,None,3357.745382694993,None,3357.745382694993,None,,,,,,,,,1,2022_Mar_31_1055,SAR-soap,2021.1.2,
302,Trial # 148,Group1-stimuli/group1-block2/fake-group2-b2/encoded_Group2_IMG_0545.jpg,0,encoded_Group2_IMG_0545.jpg,,,,,,,,,0.0,147.0,147.0,147.0,,,,,,,,,,,,,,,,,,,,,,,,,,,,,,,,,3360.646950355964,None,3360.646950355964,None,3360.646950355964,None,1.0,1.382043077959679,3360.646950355964,None,3360.646950355964,None,1.0,2.2716187860351056,3361.5807624999434,None,3360.646950355964,None,1.0,2.678102219942957,3362.480261664954,None,3360.646950355964,None,space,0.1844558169832453,2.7095386451110244,None,3360.646950355964,None,3360.646950355964,None,,,,,,,,,1,2022_Mar_31_1055,SAR-soap,2021.1.2,
303,Trial # 149,Group1-stimuli/group1-block2/real-group1-b2/Group1_IMG_9766.jpg,1,Group1_IMG_9766.jpg,,,,,,,,,0.0,148.0,148.0,148.0,,,,,,,,,,,,,,,,,,,,,,,,,,,,,,,,,3363.5811461799312,None,3363.5811461799312,None,3363.5811461799312,None,5.0,1.6584639179054648,3363.5811461799312,None,3363.5811461799312,None,5.0,3.015174526022747,3364.782090432942,None,3363.5811461799312,None,4.0,3.8531129070324814,3366.1484615040245,None,3363.5811461799312,None,space,0.1167673129821196,3.876699632499367,None,3363.5811461799312,None,3363.5811461799312,None,,,,,,,,,1,2022_Mar_31_1055,SAR-soap,2021.1.2,
304,Trial # 150,Group1-stimuli/group1-block2/fake-group2-b2/encoded_Group2_IMG_4956.jpg,0,encoded_Group2_IMG_4956.jpg,,,,,,,,,0.0,149.0,149.0,149.0,,,,,,,,,,,,,,,,,,,,,,,,,,,,,,,,,3367.5979438769864,None,3367.5979438769864,None,3367.5979438769864,None,5.0,2.5140448140446097,3367.5979438769864,None,3367.5979438769864,None,7.0,4.136514685000293,3369.66615306295,None,3367.5979438769864,None,6.0,4.875754658016376,3371.2999390199548,None,3367.5979438769864,None,space,0.5208349750610068,4.903287129360251,None,3367.5979438769864,None,3367.5979438769864,None,,,,,,,,,1,2022_Mar_31_1055,SAR-soap,2021.1.2,
